"","A01","A02","A03","B05","B06","B07","B08","B09","C10T12","C13T15","C16","C17_18","C19","C20","C21","C22","C23","C24A","C24B","C25","C26","C27","C28","C29","C301","C302T309","C31T33","D","E","F","G","H49","H50","H51","H52","H53","I","J58T60","J61","J62_63","K","L","M","N","O","P","Q","R","S","T","HFCE","NPISH","GGFC","GFCF","INVNT","DPABR","CONS_NONRES","EXPO","..","TOTAL"
"DOM_A01",912.31,20.971,0.303,0,0.001,0.008,0.64,0.006,6523.436,16.443,9.401,1.312,0.035,110.754,96.83,17.792,0.641,0.336,0.322,2.502,2.191,1.669,3.628,0.211,0.004,0.485,7.624,52.175,3.868,29.819,383.933,22.335,15.77,3.689,9.919,1.65,315.54,1.337,1.655,3.294,11.71,5.403,67.021,33.84,50.95,5.761,64.382,24.845,16.796,0,2430.952,0.033,585.94,151.248,-4.248,0,186.928,228.384,0,12434.781
"DOM_A02",12.197,151.033,0.012,0,0.001,0.005,0.303,0.001,25.911,0.343,500.507,16.907,0.005,10.197,2.195,13.79,1.133,0.133,0.127,0.568,0.314,0.369,0.536,0.045,0.003,0.083,27.107,96.287,0.275,33.37,49.98,1.397,0.896,0.236,1.347,0.169,3.837,0.247,0.216,0.48,0.544,15.303,2.805,1.47,6.673,0.458,1.635,2.838,2.137,0,106.139,0,0.082,57.604,0.176,0,0.203,63.488,0,1214.118
"DOM_A03",0.058,0.007,0.064,0,0,0,0.006,0,16.883,0.003,0.011,0.006,0.001,0.07,0.079,0.007,0.011,0.004,0.002,0.015,0.036,0.016,0.02,0.001,0,0.005,0.018,0.052,0.007,0.073,0.531,0.138,0.434,0.031,0.079,0.021,1.751,0.008,0.006,0.019,0.028,0.02,0.074,0.046,0.18,0.012,0.12,0.056,0.038,0,5.714,0,0.022,0.33,-0.111,0,0.406,46.77,0,74.177
"DOM_B05",0,0,0,0,0,0,0,0,0,0,0,0,0,0,0,0,0,0,0,0,0,0,0,0,0,0,0,0,0,0,0,0,0,0,0,0,0,0,0,0,0,0,0,0,0,0,0,0,0,0,0,0,0,0,0,0,0,0,0,0
"DOM_B06",0.004,0.001,0,0,0,0,0.009,0,0.023,0.001,0.003,0.004,0.063,0.131,0.027,0.008,0.035,0.008,0.005,0.01,0.023,0.008,0.011,0.001,0,0.002,0.009,1.5,0.005,0.087,0.172,0.052,0.04,0.026,0.034,0.008,0.008,0.006,0.008,0.021,0.061,0.019,0.193,0.034,0.032,0.003,0.011,0.012,0.013,0,0.161,0,0.01,0.057,0,0,0.008,6.431,0,9.396
"DOM_B07",0.013,0.001,0,0,0,0.062,0.551,0.003,0.127,0.002,0.006,0.007,0.058,3.113,0.078,0.024,1.413,9.939,14.283,0.843,0.052,0.086,0.143,0.003,0,0.004,0.083,4.208,0.02,1.946,0.248,0.116,0.033,0.023,0.05,0.011,0.014,0.005,0.007,0.019,0.044,0.033,0.225,0.045,0.052,0.004,0.012,0.017,0.03,0,0.084,0,0.002,0.138,0,0,0.011,13.045,0,51.338
"DOM_B08",7.301,0.465,0.027,0,0.011,0.27,117.89,0.13,20.696,0.23,0.279,3.668,2.798,319.874,4.75,3.361,515.787,50.001,20.425,8.495,2.379,5.261,4.268,0.071,0.002,0.278,7.926,255.5,6.737,858.003,11.439,4.474,0.39,0.122,1.589,0.084,0.875,0.01,0.051,0.027,0.047,11.982,3.124,8.665,11.682,0.151,0.269,0.807,0.594,0,106.865,0,0.001,0.08,0,0,0.007,31.759,0,2411.975
"DOM_B09",0.005,0.001,0,0,0.001,0.002,0.169,0.006,0.03,0.001,0.004,0.007,0.018,0.059,0.034,0.009,0.076,0.013,0.01,0.014,0.031,0.011,0.016,0.001,0,0.003,0.012,0.842,0.006,0.229,0.229,0.078,0.047,0.025,0.05,0.013,0.011,0.009,0.011,0.03,0.085,0.034,0.289,0.047,0.05,0.004,0.015,0.017,0.018,0,0.076,0,0.706,35.58,-0.03,0,0.011,0.872,0,39.886
"DOM_C10T12",2232.951,5.605,6.033,0,0.008,0.043,5.743,0.027,15725.626,39.468,7.751,25.655,1.178,1270.141,753.421,19.286,7.231,1.644,3.399,10.064,11.294,9.823,14.991,0.275,0.015,1.831,34.991,81.737,20.903,43.695,2004.66,83.219,375.618,34.165,76.854,16.989,4554.621,37.351,16.611,67.421,78.783,53,205.638,117.966,365.663,96.861,610.692,463.466,156.069,0,21801.291,0.002,0.43,0.105,1.368,0,462.388,9088.405,0,61104.466
"DOM_C13T15",1.774,0.529,0.054,0,0.004,0.039,0.734,0.009,9.554,198.963,4.181,5.109,0.064,19.767,16.176,10.551,3.432,0.985,0.659,6.205,15.387,4.412,7.353,1.849,0.015,1.813,92.035,23.887,4.383,30.004,149.475,10.169,5.517,3.957,7.748,5.825,11.745,2.798,1.706,3.227,6.034,12.666,39.037,38.662,56.415,4.974,27.402,40.532,21.793,0,677.293,0.017,2.753,57.945,-36.261,0,16.048,2495.948,0,4123.35
"DOM_C16",28.014,16.012,0.08,0,0.008,0.136,6.272,0.032,117.214,6.658,2324.965,106.671,0.097,213.27,62.536,42.198,75.696,4.325,6.682,76.129,52.348,55.751,55.288,4.982,0.472,11.755,1209.294,237.822,9.518,3218.363,488.123,59.742,15.997,6.913,105.166,2.742,38.651,10.369,3.808,9.94,12.812,794.265,164.383,69.517,27.396,7.155,36.519,28.79,63.439,0,320.848,0.003,0.12,35.799,1.419,0,19.968,1224.839,0,11491.309
"DOM_C17_18",2.916,0.342,0.019,0,0.004,0.017,0.912,0.007,104.797,2.467,8.971,339.104,0.247,60.005,79.278,14.873,11.462,1.179,1.547,17.124,40.481,20.586,19.42,0.648,0.02,4.652,25.822,69.749,7.717,23.123,541.794,38.769,31.186,14.002,32.165,41.608,15.946,187.6,30.447,109.542,294.255,24.687,389.322,217.643,250.071,44.929,55.371,74.329,116.551,0,189.272,0.003,0.029,1.346,-2.093,0,49.665,2941.056,0,6546.986
"DOM_C19",0.644,0.134,0.011,0,0.001,0.008,0.313,0.003,1.072,0.023,0.238,0.167,1.102,27.542,0.535,0.131,0.536,0.422,0.116,0.307,0.179,0.35,0.271,0.018,0,0.049,0.407,43.299,0.522,2.637,9.864,24.629,68.017,56.206,2.882,0.779,0.304,0.091,0.135,0.4,0.924,0.28,2.028,1.784,2.114,0.124,0.454,0.519,0.526,0,0.127,0,0.002,0.077,0,0,0.017,163.058,0,416.376
"DOM_C20",83.167,0.9,0.029,0,0.011,0.191,7.644,0.045,57.31,13.886,29.03,46.151,4.099,2376.421,353.176,339.293,37.209,6.704,6.798,35.244,65.837,46.251,29.096,2.158,0.084,4.716,55.925,41.172,16.923,86.035,71.262,10.857,9.999,5.006,13.983,0.901,10.076,5.711,0.45,7.092,4.034,52.106,98.261,28.93,14.038,3.313,26.87,9.529,23.778,0,1126.217,0,0.323,0.01,18.91,0,20.412,35111.324,0,40418.899
"DOM_C21",343.841,0.852,0.495,0,0.043,0.68,7.778,0.032,478.494,6.868,7.045,3.763,0.452,1125.394,45464.144,14.964,4.058,4.421,3.244,7.989,18.942,3.368,62.374,0.385,0.008,1.827,102.774,114.777,67.865,42.326,585.438,96.163,108.248,40.091,34.483,14.331,8.466,6.732,1.271,3.27,21.231,10.484,2629.569,64.134,1284.718,63.464,8498.675,252.614,294.429,0,6683.456,0.007,0.457,242.893,92.988,0,47.96,79011.801,0,147986.581
"DOM_C22",22.212,1.781,0.093,0,0.018,0.132,5.42,0.039,304.433,16.399,29.476,54.416,0.612,335.848,290.458,481.725,28.005,4.228,6.152,80.812,208.322,182.225,167.047,16.171,0.115,32.996,129.766,47.946,24.296,501.43,649.866,234.997,42.025,12.852,46.982,8.626,14.775,6.541,4.742,9.222,19.023,140.277,97.309,67.208,29.64,4.761,26.056,17.002,17.1,0,433.176,0.003,0.133,165.516,-5.937,0,0.662,4264.421,0,9279.548
"DOM_C23",16.401,1.166,0.022,0,0.018,0.278,11.807,0.044,120.989,2.243,27.922,3.696,0.352,138.989,172.761,51.475,641.234,33.277,10.978,64.145,145.894,85.346,54.682,5.537,0.137,8.369,59.295,95.253,14.173,3911.191,221.845,33.265,53.121,6.967,25.399,2.707,24.068,1.431,2.343,3.961,11.55,533.716,95.468,25.074,28.953,7.772,22.638,15.043,21.179,0,267.579,0.003,0.211,35.955,0,0,1.223,1209.153,0,8328.295
"DOM_C24A",0.831,0.145,0.002,0,0.021,0.074,0.741,0.019,2.946,0.201,3.166,1.079,0.123,8.502,2.316,12.084,12.621,258.096,12.501,583.334,54.277,93.833,337.139,8.908,0.34,43.477,42.385,36.333,20.327,350.64,39.104,5.101,7.119,0.11,6.619,0.136,0.145,0.044,0.058,0.125,0.444,12.274,18.902,2.187,2.07,0.292,0.34,1.563,1.18,0,0.012,0,3.259,0.009,0,0,0,2157.29,0,4144.843
"DOM_C24B",0.092,0.024,0,0,0.001,0.006,0.078,0.001,2.383,0.061,0.57,0.515,0.017,15.627,2.323,2.138,1.277,9.584,67.376,65.275,35.163,59.512,32.942,1.158,0.022,5.14,15.006,4.528,4.691,20.231,8.944,0.729,0.94,0.062,0.476,0.013,0.132,0.036,0.019,0.052,0.15,1.044,2.343,0.136,0.324,0.008,0.105,0.25,0.332,0,2.591,0,0,1.655,0,0,0.009,2780.26,0,3146.353
"DOM_C25",47.959,8.901,0.147,0,0.183,1.097,26.561,0.582,439.352,12.02,150.782,30.055,2.641,537.558,180.348,158.609,110.031,171.487,68.164,3138.068,686.505,777.083,2573.074,69.43,3.152,282.118,628.774,452.434,72.187,4402.46,1045.4,139.656,135.153,20.035,116.354,6.799,38.36,6.237,18.135,29.631,18.354,525.644,432.241,189.814,369.672,13.326,29.491,50.059,64.794,0,639.505,0.002,0.156,28.531,0,0,0.247,6594.258,0,25543.616
"DOM_C26",13.747,2.036,0.088,0,0.036,0.175,4.793,0.084,90.089,6.064,14.846,21.548,1.259,162.788,265.393,30.77,19.665,8.386,8.411,137.813,17215.494,1554.017,959.311,25.439,1.302,95.028,349.665,735.517,26.517,626.282,1643.811,125.171,198.922,134.615,175.784,49.528,42.471,98.01,667.55,1101.872,186.183,54.029,1118.889,285.427,318.383,48.495,249.795,124.363,136.339,0,2983.117,0.262,265.994,11758.214,0,0,111.709,34645.989,0,78901.491
"DOM_C27",9.19,0.825,0.071,0,0.014,0.232,8.801,0.106,37.046,1.763,6.616,9.154,0.323,62.794,71.967,19.162,13.634,8.675,8.284,98.896,1015.404,2355.274,606.352,29.716,0.404,74.384,222.526,1608.611,22.849,1236.601,609.083,134.628,128.299,36.7,55.691,7.546,25.528,13.739,97.776,93.997,20.515,63.114,308.981,110.917,126.279,8.639,41.355,70.658,35.114,0,1027.07,0.001,0.286,1699.795,0,0,33.129,9601.021,0,21879.534
"DOM_C28",20.338,8.547,0.169,0,0.155,1.004,28.636,0.462,102.413,4.43,23.666,22.023,2.518,131.048,116.103,36.351,66.927,25.628,11.694,156.39,207.836,263.883,2111.783,20.43,1.017,72.44,297.612,652.242,41.236,671.639,487.506,111.588,48.115,25.177,69.043,10.216,10.538,6.86,14.238,34.491,50.843,72.1,225.894,151.901,95.262,7.032,41.576,38.112,16.183,0,230.494,0.153,0.587,6328.537,0,0,1.919,21262.841,0,34439.828
"DOM_C29",0.468,0.772,0.005,0,0.001,0.019,0.539,0.005,1.278,0.032,0.418,0.156,0.032,2.82,0.798,0.822,1.451,0.384,0.439,2.726,3.654,4.74,14.39,53.416,0.008,5.435,5.888,8.396,2.001,9.074,145.458,110.504,20.548,11.968,12.189,1.476,0.204,0.275,0.365,1.488,1.509,1.084,11.241,12.838,4.667,0.41,1.266,2.214,1.238,0,350.977,0.004,0.006,102.913,0,0,1.424,1054.576,0,1971.005
"DOM_C301",0.001,0,0.002,0,0,0,0.002,0,0.007,0,0.001,0.001,0,0.006,0.005,0.002,0.001,0.001,0.001,0.017,0.035,0.015,0.104,0.005,0.125,1.041,0.337,0.022,0.003,0.03,0.132,0.325,22.148,2.046,0.355,0.004,0.002,0.001,0.002,0.004,0.009,0.004,0.042,0.057,1.162,0.002,0.003,0.021,0.015,0,15.865,0,0,124.975,-17.349,0,0.001,21.879,0,173.469
"DOM_C302T309",0.037,0.157,0.028,0,0,0.003,0.033,0.001,0.542,0.006,0.067,0.013,0,0.24,0.051,0.101,0.073,0.062,0.037,1.591,1.775,1.726,3.621,1.622,0.199,291.424,18.909,0.742,0.108,1.825,20.179,78.671,51.991,178.71,6.258,0.263,0.039,0.005,0.012,0.095,0.246,0.062,1.635,6.575,33.682,0.084,0.652,0.457,0.741,0,185.649,0.026,0,897.087,-553.143,0,0,4295.823,0,5530.788
"DOM_C31T33",71.441,10.166,0.523,0,0.113,0.633,38.38,0.318,170.807,10.779,34.067,39.261,3.675,261.526,186.367,37.439,58.655,40.816,16.928,95.078,151.9,79.305,141.51,4.934,0.2,31.877,618.785,1278.814,63.868,347.702,622.336,536.314,594.628,772.567,219.864,32.581,55.363,15.505,45.625,97.978,150.284,110.135,427.711,253.558,249.391,46.172,223.284,200.484,86.637,0,2125.861,0.003,0.285,313.503,2.853,0,15.925,11407.944,0,22402.657
"DOM_D",307.031,19.833,1.221,0,0.784,5.193,216.158,0.592,1453.874,67.382,199.078,409.748,45.968,3633.759,805.378,503.595,633.176,431.646,237.9,605.531,649.381,361.681,449.704,24.17,0.621,93.297,304.751,36399.008,423.506,595.358,4502.12,2116.681,200.759,102.176,863.185,191.7,854.559,128.538,322.55,365.248,849.585,1271.162,1563.855,646.02,1578.635,301.605,840.746,959.59,633.841,0,17375.354,0.007,109.56,308.092,6.009,0,2.076,2734.255,0,87707.229
"DOM_E",17.757,0.888,0.095,0,0.023,0.301,7.291,0.097,91.273,2.908,16.63,63.234,1.754,126.284,60.382,19.765,25.452,162.983,100.029,45.227,25.372,19.765,35.882,1.155,0.045,9.255,18.066,472.903,948.913,112.225,396.067,82.468,39.376,13.048,53.442,15.235,44.784,5.112,7.869,18.793,66.491,131.7,174.747,60.378,500.531,25.183,87.412,60.073,41.517,0,1208.166,0.008,1831.621,54.518,-0.158,0,0.788,4.329,0,7309.454
"DOM_F",73.801,23.874,0.321,0,0.06,0.468,18.924,0.367,84.403,4.488,29.883,18.905,2.664,132.405,92.837,25.601,45.118,20.559,14.045,87.629,62.759,51.651,64.977,2.273,0.141,11.554,120.747,2344.811,155.018,9223.873,1387.092,402.745,129.386,43.394,550.046,45.975,103.757,22.889,109.744,57.318,281.145,11720.333,927.441,191.744,1523.62,87.929,207.132,150.12,121.93,0,3499.808,0.008,0.195,64370.671,-8.029,0,3.082,214.061,0,98857.694
"DOM_G",1283.612,70.314,3.792,0,0.311,2.795,114.799,1.17,8391.52,618.617,1132.155,611.465,14.832,4337.486,28067.21,965.702,729.151,387.775,204.32,1960.067,10435.37,2702.786,3565.584,263.927,3.771,581.592,2450.753,3474.911,341.956,6663.66,25948.022,3646.69,2674.016,1522.541,1896.203,258.535,2053.944,384.935,622.183,1223.052,742.008,1119.88,4236.617,2228.498,2036.556,233.199,5897.718,1230.314,735.436,0,32020.319,5.761,253.357,15256.129,-181.321,0,688.375,75565.628,0,261679.996
"DOM_H49",205.321,67.547,0.6,0,0.39,2.198,175.494,1.05,1401.457,45.937,342.804,156.354,17.197,1246.336,1330.558,196.939,366.568,125.241,65.538,399.277,843.903,395.372,486.483,23.32,0.491,79.81,419.012,1585.751,175.705,1471.592,8816.825,5284.313,557.84,155.893,2287.269,937.757,226.252,88.023,75.136,170.771,437.383,232.629,1138.714,765.841,670.928,103.916,458.152,243.023,251.617,0,5835.682,0.301,15.705,1011.829,0,0,1206.24,5158.644,0,47758.928
"DOM_H50",84.661,22.131,0.575,0,0.083,0.291,24.109,0.105,599.543,34.779,162.019,45.343,6.605,260.922,838.827,60.372,87.104,43.812,29.857,194.497,539.625,237.246,255.251,16.319,0.318,52.727,241.945,300.199,20.092,806.887,1797.826,399.214,12262.007,49.469,920.859,31.442,134.662,20.376,27.874,53.887,53.224,128.065,290.604,277.897,149.11,18.628,220.292,82.87,48.613,0,3803.257,0.231,8.628,1757.086,0,0,265.545,11787.382,0,39555.294
"DOM_H51",43.865,8.878,0.151,0,0.112,0.157,10.986,0.098,295.379,24.237,62.218,28.533,2.072,130.282,481.314,34.744,40.614,14.299,14.936,88.124,263.839,144.785,154.254,11.024,0.158,30.131,129.578,199.227,21.021,411.111,1530.714,172.798,112.245,2792.814,851.192,328.663,81.332,32.796,40.436,166.166,528.169,94.442,743.891,2141.199,418.663,31.218,170.105,141.321,137.38,0,2843.634,0.074,3.499,946.763,0,0,914.446,2794.817,0,20664.903
"DOM_H52",59.542,10.77,0.397,0,0.063,0.429,19.44,0.242,436.686,16.944,105.017,41.217,6.16,285.158,599.38,48.494,66.224,25.643,15.075,120.329,340.627,141.477,162.567,9.406,0.189,31.186,147.142,314.94,39.345,468.033,4251.706,2043.384,3874.295,2306.91,2826.824,154.142,83.013,20.106,35.626,69.418,77.054,82.082,326.038,229.388,172.082,12.236,133.412,74.135,52.186,0,1130.475,0.133,12.745,480.088,0.02,0,24.264,7563.36,0,29547.247
"DOM_H53",8.608,1.144,0.042,0,0.01,0.047,2.507,0.045,23.969,1.883,6.743,10.53,0.28,35.46,45.624,7.115,5.252,1.838,1.31,12.536,22.069,13.14,25.117,0.715,0.021,3.368,16.881,204.92,10.011,48.743,1373.722,123.273,74.31,55.475,186.576,1939.075,36.51,43.187,80.854,199.404,796.424,31.321,493.519,167.181,354.653,20.639,81.812,67.195,141.654,0,224.833,0.004,0.043,196.777,23.92,0,19.813,2967.281,0,10209.384
"DOM_I",8.763,3.018,0.046,0,0.024,0.28,6.481,0.071,65.002,4.19,10.964,9.945,0.859,98.656,143.248,18.405,10.101,5.657,3.711,31.615,51.621,34.808,41.991,1.13,0.044,6.746,30.668,179.373,20.099,138.188,974.226,264.879,221.636,256.885,172.899,36.256,75.303,30.596,28.756,160.421,360.304,43.724,709.87,865.753,353.776,44.898,208.792,188.965,178.193,0,14042.58,24.219,68.479,42.967,-0.47,0,6295.503,166.863,0,26741.974
"DOM_J58T60",1.845,0.364,0.008,0,0.004,0.035,0.766,0.018,23.588,1.129,3.825,11.005,0.219,38.509,30.76,4.097,2.849,1.764,1.535,7.026,22.132,15.916,10.314,0.425,0.016,3.944,11.075,59.073,4.287,22.751,357.162,37.704,28.72,20.458,25.32,15.19,21.081,358.949,56.25,153.872,138.68,24.473,588.197,97.741,113.809,49.982,44.419,99.34,103.508,0,465.067,6.522,55.881,153.047,0,0,18.562,5731.486,0,9044.704
"DOM_J61",10.181,3.673,0.131,0,0.053,0.11,7.768,0.095,55.843,5.039,15.969,20.898,1.117,76.399,134.519,18.678,14.066,5.214,5.171,39.702,94.324,45.672,76.136,2.701,0.053,9.624,54.282,333.964,22.245,187.076,1790.373,320.812,189.284,101.216,227.198,125.217,111.171,128.019,1664.615,585.022,1051.709,313.326,1036.474,537.508,730.4,42.537,169.317,187.526,226.046,0,5391.204,0.003,0.025,22.166,6.106,0,269.672,1556.303,0,18023.948
"DOM_J62_63",10.408,2.921,0.088,0,0.068,0.216,13.174,0.134,174.084,7.413,22.444,40.057,2.583,267.99,392.073,38.87,34.228,15.374,10.58,79.745,249.465,119.62,124.091,3.395,0.143,24.792,91.258,1131.914,56.534,314.148,3103.663,370.32,384.415,272.973,431.894,200.991,98.274,189.053,460.278,6653.275,2520.546,127.493,2775.665,876.583,1049.581,85.433,198.498,242.355,247.933,0,67.693,0.002,5.85,11260.065,-0.01,0,3.949,18017.689,0,52872.273
"DOM_K",163.149,21.171,0.796,0,0.331,1.285,36.384,0.968,573.423,26.879,77.63,115.155,13.099,745.239,588.109,139.789,110.722,54.135,48.791,221.227,379.631,270.552,307.324,10.634,0.352,55.33,227.28,2766.774,124.853,878.478,5596.765,1504.617,1097.779,736.431,763.165,168.859,229.668,93.302,199.724,508.628,13734.671,14023.2,2594.838,1293.804,1090.946,73.472,234.42,434.513,478.925,0,16822.229,0.842,29.269,1295.965,0,0,276.178,53125.492,0,124367.193
"DOM_L",16.107,7.45,0.123,0,0.105,0.307,20.372,0.236,254.622,18.371,38.224,67.745,3.233,237.47,256.937,62.562,44.787,18.945,16.647,155.949,214.828,122.624,142.071,5.51,0.325,25.004,192.344,698.699,59.107,673.784,8505.454,803.785,490.579,240.171,1174.926,245.656,717.067,176.484,324.669,1024.749,2028.098,2319.009,2814.474,1167.624,946.11,150.243,551.644,740.549,511.146,0,64308.624,216.525,265.933,5843.643,-0.01,0,1098.822,228.525,0,100248.986
"DOM_M",224.781,18.287,0.77,0,0.701,2.748,119.028,4.075,1495.135,59.356,136.348,232.734,24.279,2035.46,2188.659,399.715,283.41,130.293,75.371,647.352,2122.186,657.076,841.51,47.403,1.386,202.6,651.47,6795.359,317.325,4790.181,15221.661,1816.154,1718.327,969.811,2235.12,279.764,742.889,647.014,930.1,2790.903,7561.496,2307.192,26150.207,3554.899,3861.999,304.324,990.433,1395.519,1455.11,0,833.967,36.481,80.534,28334.737,11.648,0,141.371,17682.375,0,146559.032
"DOM_N",66.702,16.096,0.362,0,0.398,1.571,73.983,1.436,482.822,17.635,59.935,102.63,6.23,610.676,764.808,147.991,106.49,32.601,25.76,238.291,447.573,258.91,365.485,15.084,0.54,86.434,250.512,2158.741,192.787,1180.991,5565.383,1511.884,2205.604,1335.795,1421.61,365.303,304.536,253.501,421.388,1318.512,2131.962,826.485,3845.506,4605.437,1464.388,187.61,520.879,741.552,441.308,0,6841.032,4.873,120.104,122.388,0,0,263.145,11991.349,0,56525.007
"DOM_O",78.523,75.941,0.264,0,0.071,0.725,22.446,0.406,347.703,13.404,270.537,116.777,4.353,396.652,396.261,79.682,60.136,169.412,113.35,168.141,118.104,118.903,152.686,7.34,0.221,35.03,107.668,2279.45,957.972,820.884,2238.632,1153.096,390.332,183.222,398.61,103.255,138.547,56.906,140.728,257.694,892.529,523.047,1723.929,427.944,2213.836,85.319,375.949,362.978,256.388,0,4016.691,2931.697,61745.213,5692.631,0.13,0,33.566,1283.319,0,94539.231
"DOM_P",0.931,0.096,0.004,0,0.001,0.011,0.33,0.006,5.513,0.131,0.72,1.773,0.078,4.915,6.287,0.968,0.877,3.951,2.485,1.856,2.516,1.74,2.159,0.095,0.004,0.635,1.403,20.297,22.279,5.499,22.909,6.533,4.57,4.482,4.722,0.982,1.58,0.777,2.525,8.797,14.296,3.788,60.397,7.154,32.671,9.093,5.887,5.173,3.993,0,922.183,6.8,5976.284,439.676,0,0,336.362,90.38,0,8059.573
"DOM_Q",7.297,1.41,0.04,0,0.007,0.054,1.101,0.025,46.962,2.298,7.37,5.199,0.268,34.225,117.663,8.762,9.25,2.787,2.182,37.452,32.975,19.456,31.901,1.06,0.048,4.347,20.676,85.594,8.413,97.754,236.243,87.221,30.305,22.602,32.573,11.187,23.488,7.704,8.85,31.792,95.525,23.119,187.2,60.053,255.781,17.035,1154.417,45.933,56.467,0,66922.544,8135.909,16300.57,55.899,-0.07,0,352.077,275.741,0,95016.74
"DOM_R",1.362,1.329,0.027,0,0.002,0.007,0.869,0.014,29.193,1.208,2.2,5.415,0.222,27.228,14.088,6.474,3.85,1.166,1.396,13,17.215,9.018,12.854,0.443,0.037,2.833,18.921,58.301,10.563,36.671,492.786,50.682,66.061,20.47,34.087,10.841,55.901,148.301,20.54,46.726,109.379,28.297,312.478,184.253,205.299,31.564,33.954,3003.156,735.115,0,9767.44,101.571,4280.478,76.383,0,0,421.587,3841.787,0,24355.042
"DOM_S",14.231,3.369,0.177,0,0.012,0.177,7.506,0.054,63.064,4.537,16.078,10.569,0.895,82.858,72.995,12.691,13.501,6.421,4.171,45.52,41.869,21.146,39.143,1.178,0.064,6.729,34.807,221.618,30.209,128.506,552.146,187.852,152.127,62.289,132.572,20.563,101.188,44.75,29.873,138.018,616.472,60.827,684.016,295.327,183.345,31.053,203.463,309.066,1330.101,0,10287.531,6139.689,0.023,0.163,0,0,340.462,0.418,0,22787.43
"DOM_T",0,0,0,0,0,0,0,0,0,0,0,0,0,0,0,0,0,0,0,0,0,0,0,0,0,0,0,0,0,0,0,0,0,0,0,0,0,0,0,0,0,0,0,0,0,0,0,0,0,0,2687.96,0,0,0,0,0,0,0,0,2687.96
"IMP_A01",282.326,6.965,0.139,0,0.001,0.005,0.296,0.002,2160.868,10.482,4.134,1.155,0.019,40.37,40.023,7.232,0.805,0.202,0.128,1.26,2.223,1.403,2.292,0.208,0.004,0.562,6.121,17.805,1.152,12.614,135.174,5.298,5.99,1.659,3.749,0.53,110.519,0.958,0.628,3.678,4.686,2.587,29.156,12.036,14.751,2.181,23.658,9.518,6.442,0,893.551,0.04,0.435,71.872,0,135.87,0,0,0,4075.757
"IMP_A02",1.999,16.709,0.002,0,0,0.001,0.038,0,7.543,0.088,57.116,1.878,0.001,1.329,0.587,1.624,0.136,0.023,0.019,0.115,0.152,0.108,0.157,0.007,0,0.026,2.998,10.937,0.028,2.71,6.141,0.206,0.182,0.071,0.145,0.032,0.784,0.052,0.038,0.231,0.142,0.498,0.506,0.239,0.733,0.062,0.302,0.391,0.274,0,15.219,0.006,0.021,0.799,0,1.78,0,0,0,135.186
"IMP_A03",0.467,0.048,0.389,0,0,0,0.016,0,138.11,0.028,0.023,0.019,0.003,0.524,0.308,0.047,0.023,0.009,0.008,0.039,0.06,0.042,0.05,0.002,0.001,0.015,0.073,0.146,0.018,0.153,2.837,0.253,4.871,0.078,0.393,0.024,14.132,0.039,0.018,0.09,0.126,0.068,0.347,0.2,1.328,0.08,0.884,0.267,0.237,0,68.135,0,0.002,1.343,0,7.744,0,0,0,244.121
"IMP_B05",0.054,0.005,0,0,0,0.004,0.183,0.002,0.383,0.021,0.058,0.116,0.272,2.711,0.148,0.091,1.5,3.351,0.59,0.058,0.084,0.083,0.104,0.003,0,0.029,0.07,183.348,0.029,1.234,0.602,0.241,0.091,0.065,0.116,0.023,0.055,0.019,0.036,0.354,0.174,0.092,0.287,0.113,0.291,0.038,0.059,0.044,0.13,0,138.074,0,0.005,0.814,0,0.297,0,0,0,336.554
"IMP_B06",0.241,0.023,0.002,0,0.017,0.019,1.407,0.013,3.7,0.108,0.374,1.015,43.159,68.212,1.556,1.18,5.442,3.584,2.605,2.062,0.871,0.778,2.352,0.054,0.002,0.282,1.23,963.697,0.585,3.209,11.192,3.793,2.441,1.413,2.99,0.385,0.427,0.177,0.169,0.725,0.899,0.739,4.273,1.377,2.359,0.214,0.544,0.491,0.332,0,485.841,0.002,14.778,14.047,0,4.775,0,0,0,1662.16
"IMP_B07",0.082,0.005,0,0,0.001,0.383,3.398,0.016,0.912,0.018,0.061,0.075,0.362,20.129,0.581,0.262,8.851,62.356,93.087,9.415,2.551,4.364,3.021,0.09,0.002,0.357,1.463,26.389,0.425,13.15,2.013,0.568,0.243,0.17,0.331,0.05,0.104,0.043,0.072,0.5,0.454,0.272,1.397,0.428,0.391,0.038,0.096,0.175,0.231,0,0.749,0.002,0.026,1.668,0,0.946,0,0,0,262.773
"IMP_B08",1.473,0.085,0.005,0,0.002,0.044,18.238,0.021,5.387,0.11,0.242,0.66,0.447,51.215,2.567,0.936,83.1,8.1,3.443,1.821,1.411,1.456,1.478,0.048,0.001,0.143,1.716,40.907,1.148,152.496,4.092,1.116,2.8,0.154,0.689,0.062,0.696,0.062,0.072,0.26,0.37,4.532,1.853,1.731,2.21,0.099,0.438,0.35,0.303,0,21.925,0.002,0.015,2.675,0,0.934,0,0,0,426.138
"IMP_B09",0.059,0.006,0,0,0.001,0.001,0.125,0.003,0.22,0.017,0.031,0.036,0.031,0.386,0.325,0.049,0.222,0.072,0.069,0.152,0.231,0.124,0.202,0.007,0,0.044,0.154,1.587,0.056,0.967,1.534,0.473,0.605,0.436,0.353,0.061,0.074,0.085,0.098,0.48,0.517,0.238,1.528,0.459,0.469,0.046,0.147,0.184,0.132,0,1.314,0.002,0.317,15.695,0,0.539,0,0,0,30.97
"IMP_C10T12",471.512,1.344,1.279,0,0.003,0.015,1.465,0.008,3204.314,9.685,2.476,6.547,0.292,281.929,179.29,6.137,2.682,0.732,1.029,4.515,7.295,4.607,6.467,0.185,0.007,1.079,10.82,25.802,5.059,17.885,445.346,21.796,88.443,10.79,19.99,4.043,1118.976,9.572,4.45,19.357,26.452,13.904,64.628,32.143,91.381,22.043,138.597,117.681,39.629,0,5823.048,0.045,0.353,15.636,0,440.233,0,0,0,12822.997
"IMP_C13T15",12.194,3.448,0.598,0,0.019,0.177,5.496,0.064,61.028,884.083,22.704,56.596,0.478,187.749,96.976,112.209,35.14,6.169,3.843,42.767,70.059,35.796,57.79,11.295,0.157,15.852,466.582,111.161,27.716,179.331,935.197,70.735,35.441,28.398,52.499,42.107,108.561,14.021,8.963,23.137,36.575,23.975,283.274,241.696,382.229,25.584,206.686,260.054,147.828,0,6476.974,0.006,0.042,149.792,0,153.618,0,0,0,12214.868
"IMP_C16",6.35,3.488,0.021,0,0.003,0.033,1.48,0.009,28.732,2.207,493.82,24.652,0.036,50.435,17.057,13.422,17.061,1.2,1.623,19.502,13.901,14.778,15.783,1.308,0.107,3.162,266.778,54.899,2.741,704.246,113.041,16.494,4.664,2.182,23.831,1.076,9.123,2.697,1.151,3.859,6.417,172.19,44.117,18.439,9.659,2.47,12.009,9.618,15.333,0,127.067,0.01,0.071,6.084,0,16.957,0,0,0,2377.393
"IMP_C17_18",5.657,0.371,0.041,0,0.003,0.034,0.957,0.01,236.351,5.494,18.322,551.325,0.128,111.696,165.542,29.88,27.117,1.815,2.336,20.992,39.72,27.22,27.101,1.033,0.015,3.141,48.837,38.35,5.548,46.075,388.327,29.938,26.516,7.195,28.932,18.502,21.905,66.819,8.259,74.722,90.441,14.116,217.751,112.788,87.242,19.491,42.142,29.01,40.343,0,261.945,0.082,0.492,26.495,0,57.851,0,0,0,3086.415
"IMP_C19",11.771,1.969,0.158,0,0.009,0.117,4.698,0.044,22.589,1.287,4.765,4.131,5.015,161.688,23.713,9.136,8.971,6.558,2.057,7.421,9.808,9.096,8.933,0.451,0.011,1.563,9.8,199.584,8.228,48.367,158.314,356.302,298.877,246.936,43.038,11.383,6.239,2.308,2.775,9.851,18.798,6.929,46.737,29.568,34.115,2.354,9.991,9.537,9.531,0,1271.211,0.03,0.432,20.639,0,102.774,0,0,0,3270.609
"IMP_C20",46.809,0.58,0.041,0,0.008,0.112,4.05,0.027,58.552,8.088,14.728,22.765,1.751,933.033,1157.408,155.028,20.698,4.047,4.058,21.838,42.528,28.896,24.853,1.512,0.048,3.93,35.029,36.787,10.242,77.174,84.834,22.913,19.879,11.914,12.503,1.913,10.523,4.254,1.985,12.398,12.078,30.294,130.317,22.9,43.342,4.062,205.945,14.367,20.054,0,814.277,0.047,0.656,90.344,0,42.24,0,0,0,4328.657
"IMP_C21",105.894,0.368,0.155,0,0.015,0.215,2.759,0.016,153.51,3.042,3.392,3.082,0.242,380.463,13309.986,12.262,2.775,1.844,1.378,5.248,14.768,5.343,23.461,0.331,0.01,1.515,39.322,45.462,21.534,26.219,200.316,34.899,38.521,16.234,14.808,5.312,6.285,3.871,2.225,11.776,16.968,8.357,819.35,28.305,390.534,20.329,2544.512,80.115,91.024,0,2145.23,0.042,0.632,227.185,0,26,0,0,0,20897.438
"IMP_C22",25.913,2.125,0.123,0,0.022,0.163,6.554,0.049,354.343,31.417,35.653,70.019,0.75,403.422,333.901,553.6,35.126,5.695,7.69,108.866,244.525,221.215,207.05,20.413,0.153,40.555,167.898,58.536,28.954,599.499,756.684,279.198,51.589,16.596,55.941,10.608,18.247,8.836,5.686,14.592,27.829,141.595,130.073,83.825,39.17,6.69,33.717,24.89,23.606,0,612.222,0.094,0.468,68.619,0,5.175,0,0,0,5980.178
"IMP_C23",7.591,0.541,0.011,0,0.009,0.137,6.954,0.023,55.049,2.457,13.124,2.212,0.209,72.565,68.344,27.131,308.49,16.4,5.513,32.125,73.913,44.703,28.507,2.705,0.068,4.282,29.787,50.999,6.951,1881.52,93.882,14.922,23.714,2.13,11.455,1.346,10.846,0.916,1.446,4.314,7.999,254.031,52.366,12.764,15.408,3.893,8.557,7.704,10.72,0,130.51,0.018,0.261,32.789,0,3.609,0,0,0,3447.921
"IMP_C24A",0.973,0.17,0.003,0,0.022,0.08,0.84,0.021,3.483,0.237,3.409,1.214,0.137,9.923,2.872,12.93,13.442,270.106,15.277,619.01,58.934,101.365,358.969,9.478,0.36,46.282,45.656,40.024,21.558,371.303,42.543,6.099,8.179,0.907,7.218,0.196,0.233,0.095,0.14,0.357,0.764,13.082,20.835,2.778,2.605,0.37,0.656,1.913,1.379,0,3.633,0.001,3.485,7.189,0,0.696,0,0,0,2133.431
"IMP_C24B",1.083,0.277,0.002,0,0.009,0.063,0.861,0.006,26.168,0.795,6.297,5.676,0.183,169.401,26.071,23.311,13.876,103.706,690.377,708.818,382.256,645.305,358.654,12.599,0.237,55.977,165.469,49.86,50.628,223.134,98.645,8.335,10.378,0.777,5.591,0.261,1.781,0.512,0.356,1.04,2.98,12.513,28.306,2.829,5.186,0.556,3.376,4.448,4.362,0,88.874,0.001,0.015,40.169,0,1.002,0,0,0,4043.394
"IMP_C25",21.36,3.883,0.076,0,0.076,0.46,11.586,0.242,185.774,9.358,65.672,15.215,1.168,229.449,91.677,74.946,47.162,69.622,29.51,1230.817,295.27,333.213,1056.421,30.698,1.272,115.963,270.212,216.902,28.174,1782.023,460.782,77.809,65.734,20.525,52.719,3.916,17.984,3.807,9.327,19.229,15.042,213.35,197.084,85.782,153.783,6.718,19.914,26.17,29.302,0,389.299,0.031,0.329,224.997,0,6.46,0,0,0,8318.293
"IMP_C26",3.987,0.782,0.033,0,0.015,0.07,2.423,0.036,21.839,2.363,3.66,7.416,0.48,53.91,53.117,9.709,7.109,3.817,3.59,44.471,4543.399,432.306,272.41,8.081,0.364,30.117,109.136,262.568,10.179,193.391,499.764,52.059,64.967,52.164,55.975,19.426,13.001,32.352,189.22,498.563,132.996,21.034,412.59,107.929,123.922,16.709,71.468,44.698,45.983,0,859.475,0.037,68.452,4568.651,0,33.226,0,0,0,14065.44
"IMP_C27",8.34,0.834,0.059,0,0.014,0.187,7.101,0.086,30.963,1.987,5.726,10.101,0.337,53.654,45.571,18.111,12.39,8.137,8.937,84.066,743.725,1609.601,448.897,22.166,0.303,54.645,164.118,1118.601,17.64,875.533,432.59,107.167,98.267,38.535,42.734,6.113,18.164,11.215,69.186,76.348,24.496,43.348,246.258,85.72,95.869,7.096,29.958,51.898,27.209,0,757.559,0.05,1.204,2037.503,0,16.125,0,0,0,9676.443
"IMP_C28",17.796,5.557,0.13,0,0.098,0.635,19.239,0.294,77.327,5.283,17.943,17.746,1.766,104.874,75.918,32.405,44.446,20.161,9.945,141.253,192.448,213.929,1262.518,17.193,0.646,50.946,202.925,485.973,28.252,471.275,351.913,112.46,69.707,62.986,55.005,8.242,9.772,7.463,15.289,46.32,49.667,29.127,203.525,111.238,77.978,6.534,30.679,32.558,16.917,0,274.844,0.096,1.506,5696.652,0,6.778,0,0,0,10796.176
"IMP_C29",7.851,7.853,0.057,0,0.018,0.23,6.582,0.066,26.515,3.258,6.435,4.369,0.443,45.321,24.334,17.955,18.567,5.993,6.13,49.957,91.655,107.764,208.957,358.887,0.13,59.811,79.01,146.216,22.613,167.095,1502.946,1096.123,211.892,123.721,127.708,15.938,5.126,5.964,9.218,37.51,37.559,20.863,196.913,144.453,65.362,6.187,19.804,30.455,18.623,0,6783.308,0.088,1.058,5245.838,0,28.22,0,0,0,17208.946
"IMP_C301",0.043,0.007,0.009,0,0,0.001,0.03,0,0.135,0.009,0.025,0.022,0.002,0.17,0.146,0.041,0.038,0.033,0.015,0.29,0.369,0.178,0.764,0.046,0.596,5.102,1.798,0.739,0.041,0.476,0.988,1.832,106.411,10.115,1.806,0.03,0.026,0.011,0.029,0.072,0.086,0.058,0.414,0.365,5.683,0.017,0.056,0.139,0.096,0,78.783,0,0.003,617.658,0,0.075,0,0,0,835.881
"IMP_C302T309",0.263,0.472,0.082,0,0.001,0.01,0.162,0.004,2.087,0.06,0.269,0.139,0.01,1.571,1.431,0.514,0.358,0.337,0.593,5.555,6.854,6.219,11.986,4.908,0.581,773.255,55.882,4.834,0.486,6.924,62.394,229.8,150.97,514.931,18.782,0.893,0.259,0.178,0.344,2.864,2.112,0.579,9.434,20.029,98.473,0.357,2.374,1.739,2.449,0,610.875,0.004,0.053,2961.371,0,0.514,0,0,0,5577.624
"IMP_C31T33",39.003,8.184,0.432,0,0.089,0.437,21.786,0.237,126.624,20.043,40.615,35.194,2.076,226.898,267.794,37.038,39.773,25.537,14.213,83.888,257.779,107.195,152.977,6.015,0.339,29.173,1043.733,726.516,69.997,589.42,715.841,383.687,344.562,376.638,198.504,46.859,81.746,25.483,42.597,113.361,292.031,233.039,651.265,326.747,370.467,100.754,497.546,390.693,169.83,0,6070.444,0.049,0.95,319.109,0,132.283,0,0,0,15857.49
"IMP_D",5.795,0.397,0.023,0,0.013,0.087,3.647,0.015,26.559,1.321,4.128,7.062,0.787,60.243,28.965,8.71,10.533,7.06,3.916,11.723,17.675,15.177,12.469,0.601,0.015,2.269,8.052,552.13,7.224,21.482,94.958,37.968,8.645,6.247,17.483,3.701,14.38,3.415,7.092,14.938,23.633,22.058,55.416,16.817,31.236,5.345,17.294,17.467,12.2,0,293.181,0.047,0.357,48.363,0,7.572,0,0,0,1577.894
"IMP_E",1.503,0.032,0.004,0,0.001,0.003,0.141,0.002,9.083,0.288,0.58,0.476,0.055,3.419,5.684,0.668,0.68,0.316,0.153,1.299,2.174,2.235,1.942,0.095,0.002,0.356,1.277,10.484,0.382,6.149,11.1,2.046,1.517,0.988,1.929,0.371,2.706,0.483,0.665,3.108,3.685,2.321,8.999,3.27,3.47,0.436,2.004,1.657,1.152,0,21.057,0.022,0.284,9.835,0,2.706,0,0,0,135.292
"IMP_F",3.248,0.332,0.013,0,0.005,0.027,1.609,0.018,17.242,1.255,5.918,2.649,0.142,18.303,22.158,10.448,8.926,2.144,1.132,14.59,14.321,11.502,17.841,0.946,0.02,2.723,13.701,38.433,2.423,76.045,56.212,18.873,16.524,15.34,9.583,1.624,3.228,2.043,3.798,16.721,14.81,14.818,46.742,12.861,15.48,1.393,6.352,5.684,4.429,0,54.36,0.143,0.613,53.485,0,46.811,0,0,0,710.039
"IMP_G",237.38,10.788,0.884,0,0.083,0.61,20.946,0.242,1511.667,233.451,139.407,151.759,4.453,738.062,4697.233,199.601,136.04,73.113,61.288,406.512,1221.88,529.247,694.722,69.403,0.832,177.694,701.126,657.001,70.939,1453.452,1989.71,503.207,356.977,237.905,197.461,57.38,409.298,147.518,95.521,312.579,318.545,272.428,1246.081,401.007,571.933,96.361,1163.906,358.486,239.24,0,8306.676,5.203,36.552,3376.457,0,774.824,0,0,0,35675.075
"IMP_H49",20.823,3.495,0.089,0,0.022,0.146,9.29,0.062,147.539,11.895,32.102,19.656,1.528,98.104,160.769,23.928,34.372,16.592,11.777,62.303,126.411,75.74,83.171,5.144,0.1,24.37,88.955,136.81,12.667,247.228,461.532,240.506,80.305,36.937,112.42,39.232,32.63,19.034,10.584,25.05,39.823,41.529,122.118,65.801,62.415,11.564,63.264,37.556,26.135,0,813.403,0.349,4.508,285.869,0,1023.729,0,0,0,5111.385
"IMP_H50",3.808,6.529,0.157,0,0.028,0.053,7.152,0.021,37.475,2.399,10.122,5.482,2.217,39.988,64.099,5.861,8.096,6.034,3.894,13.431,35.981,18.903,16.192,0.739,0.02,3.689,19.679,43.488,2.311,39.727,639.677,137.996,5215.369,12.178,380.904,10.608,5.277,4.622,3.024,8.051,10.733,5.887,56.734,94.934,24.862,2.258,17.276,11.227,5.803,0,940.218,0.083,1.029,49.39,0,229.279,0,0,0,8264.995
"IMP_H51",6.157,3.799,0.03,0,0.064,0.054,5.384,0.046,37.393,2.569,6.506,7.637,0.672,34.094,71.364,7.256,9.969,2.639,2.234,11.111,35.467,33.762,33.738,0.753,0.021,6.617,25.538,64.986,8.727,74.399,859.033,77.511,62.486,1716.061,519.739,200.05,15.774,18.111,19.406,96.061,322.857,29.67,422.435,1305.823,232.842,15.609,47.774,70.619,75.093,0,1245.923,0.062,0.649,25.781,0,679.905,0,0,0,8552.263
"IMP_H52",8.602,1.351,0.056,0,0.01,0.061,2.96,0.031,63.229,4.247,14.432,9.049,0.779,41.914,78.072,10.102,13.06,5.966,3.892,26.093,48.671,31.856,35.553,2.401,0.042,8.899,34.216,54.375,5.652,103.907,437.076,204.482,449.138,228.304,270.815,18.093,13.347,7.87,6.3,15.92,20.181,18.191,63.272,45.434,30.116,3.671,23.888,15.741,10.827,0,286.911,0.15,1.719,117.912,0,59.749,0,0,0,2958.584
"IMP_H53",0.133,0.021,0.001,0,0,0.001,0.055,0.001,0.931,0.061,0.122,0.158,0.01,0.809,1.383,0.176,0.172,0.092,0.052,0.391,0.85,0.381,0.513,0.038,0.001,0.104,0.411,2.092,0.13,1.339,7.697,1.587,1.405,2.797,2.016,1.531,0.382,0.303,0.836,2.085,3.712,0.851,6.538,2.942,1.62,0.151,0.619,0.625,0.657,0,6.253,0.009,0.041,3.741,0,23.499,0,0,0,82.322
"IMP_I",0.455,0.017,0.001,0,0,0.001,0.043,0.001,2.918,0.151,0.158,0.141,0.006,0.9,3.193,0.185,0.125,0.06,0.06,0.39,0.987,0.439,0.576,0.029,0.001,0.099,0.696,1.497,0.137,1.53,4.904,0.965,1.088,0.686,0.702,0.187,1.103,1.865,0.661,1.615,1.886,1.024,4.747,1.95,1.614,0.224,1.106,3.49,0.804,0,28.433,1.313,4.212,4.615,0,5704.581,0,0,0,5788.57
"IMP_J58T60",5.446,1.057,0.025,0,0.012,0.096,2.344,0.051,71.595,3.28,10.171,29.071,0.607,106.022,108.753,11.808,8.185,4.806,4.164,19.738,62.949,43.316,30.142,1.286,0.045,11.26,31.913,165.127,12.145,66.936,992.947,108.272,81.268,61.58,72.052,40.296,61.702,1094.775,192.118,459.148,382.882,71.942,1641.671,277.907,305.764,124.044,117.957,302.404,269.153,0,1713.397,29.981,251.133,725.363,0,78.582,0,0,0,10268.691
"IMP_J61",4.378,1.477,0.053,0,0.021,0.047,3.191,0.04,24.185,2.164,6.43,8.499,0.463,32.032,59.407,7.709,5.813,2.193,2.165,16.392,48.187,19.938,31.752,1.134,0.023,4.103,22.524,136.534,9.11,77.162,712.045,128.875,77.763,42.284,90.449,49.086,43.961,52.164,621.662,244.742,417.383,123.336,419.639,213.116,288.885,17.046,68.26,74.482,89.291,0,2229.834,0.06,0.615,64.34,0,291.895,0,0,0,6888.339
"IMP_J62_63",12.022,3.144,0.093,0,0.073,0.247,14.017,0.152,183.167,7.796,23.397,44.604,2.784,288.813,406.306,41.866,36.061,16.421,11.576,84.59,296.183,132.344,133.194,4.114,0.156,27.521,98.259,1178.626,59.489,334.511,3272.488,395.615,407.068,288.519,447.19,205.883,104.944,236.526,473.648,6661.051,2593.978,141.116,3033.229,924.153,1100.158,104.262,216.883,270.314,286.982,0,194.633,0.189,1.832,11632.417,0,23.477,0,0,0,36458.083
"IMP_K",24.851,3.285,0.116,0,0.054,0.216,6.021,0.158,89.769,3.712,11.62,18.25,2.045,121.178,98.212,22.274,17.444,8.647,7.5,34.682,63.82,43.026,47.99,1.799,0.056,8.435,35.712,444.058,20.311,141.56,916.002,222.259,170.257,120.002,122.633,28.125,36.361,19.247,36.804,134.034,2186.868,2148.292,478.625,211.863,188.977,13.316,39.783,72.901,80.103,0,2024.387,0.121,2.177,297.136,0,280.318,0,0,0,11107.394
"IMP_L",0.359,0.076,0.002,0,0.001,0.004,0.232,0.004,3.153,0.219,1.267,0.723,0.081,3.12,3.735,0.736,0.58,0.238,0.179,1.718,2.935,1.457,1.976,0.119,0.003,0.349,2.346,10.149,0.657,8.977,62.998,7.066,5.262,2.981,9.303,1.835,4.925,1.657,2.745,9.529,18.103,16.072,30.671,10.382,8.782,1.211,4.329,5.812,4.17,0,106.714,1.393,1.963,43.504,0,1213.087,0,0,0,1619.891
"IMP_M",212.231,6.078,0.313,0,0.21,1.251,39.897,0.93,571.748,22.762,51.693,86.083,6.983,661.36,809.848,133.648,101.399,42.116,23.871,202.509,704.477,291.074,326.705,15.987,0.519,77.734,217.535,2293.957,113.755,1165.216,5682.752,600.676,551.264,353.749,711.822,94.538,230.606,302.718,299.059,1353.544,2658.192,641.143,7827.407,1420.141,1356.594,155.898,387.48,603.646,569.036,0,733.492,12.241,73.509,4499.31,0,129.846,0,0,0,39430.555
"IMP_N",20.403,3.917,0.09,0,0.092,0.364,15.757,0.265,106.42,4.247,13.352,22.025,1.551,130.27,156.14,26.858,23.966,7.424,5.416,45.638,86.085,53.183,72.342,3.16,0.093,15.113,51.158,455.005,43.831,268.917,1205.011,334.932,496.822,316.996,302.57,69.717,65.638,59.733,89.678,302.272,462.724,217.975,861.725,874.851,368.411,44.806,111.173,182.889,108.198,0,1441.073,1.887,37.515,96.271,0,231.122,0,0,0,9917.073
"IMP_O",1.559,0.488,0.006,0,0.001,0.006,0.262,0.004,10.233,0.326,1.852,0.779,0.048,4.972,7.974,0.932,0.704,0.372,0.294,1.462,5.722,1.951,2.451,0.104,0.004,0.615,5.599,12.638,0.874,8.647,33.415,7.149,15.194,5.088,7.641,1.512,3.095,3.803,3.098,23.595,17.346,5.453,31.55,12.874,10.484,1.422,5.029,10.649,3.967,0,101.147,2.972,9.372,64.88,0,45.628,0,0,0,497.247
"IMP_P",0.379,0.054,0.002,0,0.001,0.004,0.165,0.004,2.184,0.188,0.272,0.542,0.031,3.423,6.362,0.782,0.367,0.173,0.12,0.783,2.634,1.435,1.448,0.124,0.003,0.399,2.482,8.937,0.549,3.851,25.238,3.691,13.871,3.047,4.395,1.371,1,1.917,2.942,34.461,15.702,1.845,65.421,7.675,10.186,0.984,3.207,3.514,2.608,0,24.336,0.275,0.932,628.918,0,1037.548,0,0,0,1932.784
"IMP_Q",2.455,0.055,0.003,0,0.001,0.011,0.282,0.004,4.17,0.266,0.819,0.665,0.034,4.212,18.689,0.827,0.715,0.292,0.167,1.401,6.663,3.725,3.585,0.128,0.005,0.68,4.41,14.697,0.939,8.391,35.981,4.162,3.664,2.543,4.354,0.741,1.356,2.365,1.757,13.684,15.197,3.327,42.142,10.209,10.992,1.653,6.646,5.577,4.32,0,30.412,0.13,0.96,41.374,0,259.729,0,0,0,581.563
"IMP_R",1.256,0.251,0.005,0,0.002,0.012,0.512,0.003,8.888,0.524,0.744,1.435,0.045,6.196,17.208,1.256,1.174,0.346,0.283,2.953,4.364,2.322,4.076,0.197,0.008,0.65,3.951,15.644,1.676,11.639,86.889,10.735,11.52,5.668,7.105,2.236,18.669,94.278,4.051,16.692,21.103,4.49,98.271,53.285,57.236,6.388,12.059,411.319,44.55,0,2503.205,197.336,598.909,156.385,0,562.996,0,0,0,5072.996
"IMP_S",0.579,0.038,0.002,0,0.001,0.003,0.118,0.002,2.537,0.446,0.742,0.418,0.016,2.117,7.784,0.416,0.37,0.163,0.121,0.798,3.597,1.388,1.405,0.064,0.002,0.293,2.386,5.416,0.395,4.321,14.055,2.364,2.347,1.796,2.01,0.587,1.027,1.773,1.177,8.861,6.297,1.511,14.773,4.387,4.743,0.788,3.093,3.538,2.048,0,33.09,0.6,1.957,18.796,0,300.075,0,0,0,467.633
"IMP_T",0,0,0,0,0,0,0,0,0,0,0,0,0,0,0,0,0,0,0,0,0,0,0,0,0,0,0,0,0,0,0,0,0,0,0,0,0,0,0,0,0,0,0,0,0,0,0,0,0,0,0,0,0,0,0,0,0,0,0,0
"IMP_OTHER",-4.048,0.376,0.044,0,0.009,0.057,1.98,0.026,-46.519,18.873,5.358,9.762,1.558,50.58,203.539,15.845,7.715,3.373,3.69,18.081,91.421,39.371,39.799,12.138,0.049,12.757,62.986,95.382,6.787,89.638,209.815,91.87,59.207,55.81,31.664,8.768,11.439,13.222,17.165,55.499,62.146,27.405,142.706,60.115,55.449,8.081,63.922,37.05,22.023,0,824.657,2.297,9.315,319.135,0,1052.319,0,0,0,3981.707
"TXS_INT_FNL",-422.486,-4.361,0.012,0,0.017,0.054,-1.163,0.198,-3132.099,26.643,41.498,27.691,-1.208,-37.289,252.845,75.965,3.471,-6.369,-1.794,47.712,313.042,132.869,176.279,34.454,0.256,35.982,295.266,-3206.908,21.624,547.555,1301.095,407.313,256.271,158.543,182.039,44.727,-24.041,58.919,60.811,201.336,535.879,992.728,760.659,371.051,331.107,35.053,283.84,184.987,146.568,0,4149.28,25.968,-43.26,3091.98,0,0,565.323,2731.683,0,12029.617
"TTL_INT_FNL",7744.769,720.67,24.174,0,5.443,31.573,1438.238,16.839,47494.488,2669.224,7106.546,4153.669,262.217,28114.723,108827.037,5873.016,5490.458,3126.067,2316.956,14062.37,47206.422,16811.99,20858.868,1360.799,24.325,4048.724,14451.009,76138.852,5165.964,58735.211,131072.874,30734.833,38920.342,17858.597,22857.745,6773.14,14057.375,5632.446,8846.193,28570.728,46939.182,43996.182,80997.454,30260.43,30424.537,3218.257,29319.1,16024.609,11997.125,0,376339.437,17895.799,93118.747,207882.469,-643.693,15286.001,14511.489,455235.802,0,2262407.84
