"","A01","A02","A03","B05","B06","B07","B08","B09","C10T12","C13T15","C16","C17_18","C19","C20","C21","C22","C23","C24A","C24B","C25","C26","C27","C28","C29","C301","C302T309","C31T33","D","E","F","G","H49","H50","H51","H52","H53","I","J58T60","J61","J62_63","K","L","M","N","O","P","Q","R","S","T","HFCE","NPISH","GGFC","GFCF","INVNT","DPABR","CONS_NONRES","EXPO","..","TOTAL"
"DOM_A01",192.673,48.11,30.224,0.003,1.177,0.022,0.207,0.489,1843.492,4.95,115.462,4.72,0.08,5.367,2.038,1.878,0.325,0.039,0.143,0.097,0.046,0.053,0.247,0.011,0.131,0.002,2.639,3.796,1.167,15.228,46.131,1.194,4.545,0.25,1.744,0.091,83.862,0.393,0.216,0.493,0.594,1.308,3.73,8.559,15.235,4.918,33.208,5.98,4.037,0,2173.658,11.311,76.525,46.126,0.897,0,25.788,130.531,0,4956.139
"DOM_A02",10.248,136.762,5.004,0.009,1.538,0.033,0.21,0.058,42.852,0.288,366.858,14.532,0.04,1.464,0.174,2.662,0.729,0.075,0.243,0.072,0.003,0.017,0.084,0.003,0.146,0.001,5.89,8.703,0.147,15.993,13.095,0.161,0.914,0.021,0.227,0.02,6.397,0.186,0.107,0.226,0.06,0.799,0.371,0.705,6.425,1.118,3.03,2.255,1.103,0,393.986,0.034,0.234,28.09,1.737,0,0.295,221.59,0,1298.022
"DOM_A03",6.075,1.286,3999.678,0.001,0.172,0.044,0.173,0.034,4423.66,0.09,0.058,0.09,0.132,0.99,0.357,0.035,0.19,0.019,0.173,0.183,0.041,0.077,0.179,0.004,5.089,0.008,0.258,0.154,0.352,2.108,45.386,0.692,22.097,0.284,1.197,0.012,389.3,0.839,0.27,1.123,0.955,2.195,1.613,1.251,51.803,6.111,45.044,4.554,4.495,0,372.788,0.053,0.238,10.603,24.33,0,4.175,6774.502,0,16207.619
"DOM_B05",0.006,0.001,0.07,0.001,5.801,0.017,0.151,3.273,0.052,0.002,0.005,0.01,0.418,0.026,0.002,0.003,0.11,0.137,0.14,0.005,0.003,0.003,0.006,0,0.006,0,0.005,0.872,0.005,0.265,0.013,0.012,0.022,0.004,0.009,0.001,0.009,0.003,0.001,0.002,0.001,0.008,0.013,0.004,0.021,0.006,0.014,0.002,0.005,0,0.121,0,0.029,0.635,0,0,0.002,2.744,0,15.076
"DOM_B06",38.21,7.802,126.632,0.274,1057.217,6.782,31.634,288.999,280.508,8.288,30.401,30.367,5098.881,184.175,14.109,15.874,93.454,38.9,93.43,54.186,24.982,31.814,184.692,7.068,70.42,1.53,125.041,844.303,67.095,750.582,331.615,214.346,1377.685,299.061,129.557,15.804,60.792,67.456,58.274,101.608,50.07,45.861,178.336,200.482,214.378,47.915,136.457,59.491,29.217,0,784.067,0.2,20.452,894.116,0,0,28.917,208144.498,0,223098.304
"DOM_B07",0.008,0,0.028,0.002,2.696,0.611,0.552,2.541,0.124,0.003,0.003,0.005,0.963,0.498,0.005,0.005,1.588,9.017,46.911,0.551,0.011,0.041,0.08,0.004,0.017,0,0.046,0.475,0.037,3.195,0.081,0.029,0.025,0.005,0.028,0.001,0.013,0.007,0.007,0.012,0.024,0.029,0.09,0.036,0.043,0.009,0.018,0.01,0.021,0,0.006,0,0.01,0.121,0,0,0.002,307.761,0,378.408
"DOM_B08",3.567,0.188,5.644,0.019,37.359,0.942,37.881,37.391,22.343,0.193,0.385,1.503,15.522,17.875,0.293,0.415,195.865,15.105,22.538,1.979,0.328,0.72,1.027,0.056,0.605,0.016,1.334,9.493,3.753,482.565,2.633,0.875,1.209,0.185,0.62,0.031,3.718,0.197,0.123,0.166,0.083,4.642,1.073,3.462,6.072,0.529,1.872,0.395,0.37,0,76.502,0.027,0.496,6.23,0.486,0,0.347,435.012,0,1464.258
"DOM_B09",1.289,0.085,80.517,0.918,8112.113,20.408,202.278,4550.968,4.146,0.007,0.509,4.611,348.611,0.972,0.07,0.863,55.691,9.254,30.338,0.367,0.032,0.181,0.43,0.003,0,0.002,0.253,105.012,1.603,226.508,0.703,7.943,16.739,2.176,6.644,1.213,0.525,0.946,0.011,0,0.352,3.751,10.554,0.51,4.008,0.607,0.501,0.049,0.451,0,0,0,33.283,820.809,0,0,0,1243.677,0,15913.491
"DOM_C10T12",719.539,2.432,828.353,0.008,14.128,0.174,2.257,6.711,6583.974,2.668,2.742,10.561,7.533,85.71,23.99,1.718,3.436,0.594,4.534,2.222,0.593,1.202,2.499,0.12,1.216,0.031,6.452,3.52,13.837,29.075,379.74,13.076,159.725,4.617,24.84,2.442,1755.191,22.651,7.353,19.594,12.676,26.282,32.324,40.57,209.895,121.352,467.776,97.356,47.305,0,14983.392,12.931,57.895,8.893,16.595,0,154.886,5738.1,0,32779.282
"DOM_C13T15",1.907,0.332,21.143,0.006,7.057,0.141,0.538,3.606,15.224,80.201,2.489,5.986,1.374,4.454,0.873,3.17,4.548,1.802,4.037,3.69,1.136,1.554,3.612,1.248,4.651,0.096,12.35,1.244,15.564,38.103,33.019,3.016,5.02,1.014,3.735,1.053,10.703,1.293,0.864,1.501,1.091,3.584,10.599,14.293,40.323,5.299,32.488,10.527,9.198,0,293.873,0.012,1.529,39.897,6.104,0,6.498,339.553,0,1118.222
"DOM_C16",7.792,6.085,9.493,0.027,12.673,0.489,2.172,6.719,42.667,1.311,809.287,40.856,0.537,12.778,1.024,3.421,32.202,1.349,7.926,16.49,2.115,5.942,8.409,2.009,40.804,0.179,158.835,9.486,5.553,2017.629,75.346,8.216,5.287,0.628,30.589,0.33,12.836,4.33,1.451,2.743,1.688,128.265,35.457,22.504,13.023,7.933,21.777,9.446,19.237,0,37.03,0,0.134,179.328,32.381,0,4.344,439.023,0,4359.589
"DOM_C17_18",3.792,0.403,11.433,0.004,13.859,0.248,0.81,4.433,168.055,2.586,16.149,349.949,2.641,14.206,9.101,4.759,22.554,1.314,6.069,10.564,4.921,6.648,9.399,0.787,3.799,0.144,17.019,4.999,9.239,64.002,178.556,11.296,27.434,2.65,21.5,8.649,17.778,258.552,17.495,57.193,55.893,17.844,143.475,98.009,184.588,80.072,83.514,31.69,43.159,0,287.227,0.007,0.823,20.326,2.852,0,16.758,652.298,0,3083.523
"DOM_C19",99.896,3.453,113.035,0.072,149.107,3.091,11.947,81.031,347.383,19.56,40.322,46.216,175.505,429.343,36.224,82.465,56.781,12.072,34.521,35.301,19.412,24.277,31.157,3.944,31.429,0.486,47.159,41.602,41.359,320.081,137.292,63.025,505.462,118.22,38.988,2.971,68.214,32.808,11.844,40.342,28.299,49.472,153.435,74.735,109.863,37.932,145.38,28.3,38.94,0,1003.551,0.325,32.933,517.84,7.628,0,15.572,3776.796,0,9378.397
"DOM_C20",157.301,3.439,57.582,0.113,157.288,4.951,20.022,80.207,252.741,35.538,64.05,125.819,146.145,846.494,63.461,173.081,117.629,18.808,58.501,61.784,25.645,37.364,42.739,6.737,51.865,0.727,97.715,25.176,71.432,529.194,131.129,34.061,101.63,29.739,45.955,2.283,45.842,42.649,9.304,31.337,14.55,78.699,122.412,91.922,89.633,35.72,161.797,24.272,54.047,0,816.986,0.112,7.579,384.034,6.829,0,12.7,2419.989,0,8128.756
"DOM_C21",14.181,0.162,13.731,0.005,9.516,0.3,0.466,1.925,56.082,0.571,1.401,1.002,1.402,10.275,170.083,0.908,1.272,0.521,1.363,1.317,0.911,0.817,2.526,0.136,1.392,0.038,3.214,1.064,4.815,14.899,15.022,2.578,8.547,1.204,2.152,0.278,10.24,1.846,0.682,1.779,1.391,1.956,41.507,3.971,68.725,8.847,756.408,5.785,8.519,0,407.256,0.058,247.785,39.685,0.59,0,4.789,591.901,0,2549.796
"DOM_C22",6.217,0.625,104.221,0.019,25.942,0.455,1.804,7.988,204.389,2.377,7.66,12.718,3.856,21.522,6.736,37.765,14.109,1.536,6.935,17.553,8.821,17.736,23.732,5.806,14.478,0.471,22.178,1.81,12.869,292.912,99.064,29.392,21.376,1.988,12.259,0.976,13.257,3.549,1.696,2.689,2.885,20.922,17.974,18.281,14.216,4.994,16.058,4.083,4.797,0,108.278,0.001,10.064,30.559,4.833,0,0.353,538.788,0,1868.569
"DOM_C23",6.193,0.574,6.642,0.014,35.222,1.175,5.415,12.117,61.874,1.013,10.461,2.182,4.166,12.353,4.669,6.74,317.359,13.071,16.217,17.081,8.723,15.394,12.214,2.753,14.61,0.205,15.831,8.256,10.197,2687.29,42.514,6.879,26.493,1.466,9.287,0.51,10.987,1.501,2,2.546,3.039,121.025,28.656,11.395,19.029,10.38,15.864,5.408,7.421,0,389.055,0.012,2.008,108.537,12.897,0,1.253,361.386,0,4511.559
"DOM_C24A",0.205,0.048,0.217,0.007,28.534,0.231,0.221,3.538,0.979,0.064,0.866,0.229,0.602,0.434,0.056,0.865,4.588,75.118,12.979,110.452,2.332,8.982,46.812,3.14,25.169,0.594,11.1,1.239,10.399,187.417,4.434,0.627,2.521,0.01,1.676,0.015,0.042,0.021,0.021,0.028,0.066,2.411,5.313,0.596,0.889,0.28,0.217,0.279,0.28,0,0.001,0,1.695,0.001,0,0,0,1542.006,0,2100.844
"DOM_C24B",0.273,0.095,0.101,0.002,13.966,0.218,0.278,1.189,9.679,0.272,1.918,1.326,0.986,9.884,0.691,1.888,5.716,33.935,825.627,152.798,18.674,70.416,56.538,5.047,19.842,0.867,36.413,1.893,29.634,133.538,12.423,1.035,4.006,0.049,1.434,0.008,0.469,0.331,0.083,0.14,0.307,3.078,3.966,0.53,1.677,0.082,0.832,0.533,0.949,0,4.156,0,0,3.568,0,0,0,6904.98,0,8378.338
"DOM_C25",11.861,2.381,19.671,0.097,161.739,2.262,6.29,69.994,102.386,6.794,57.591,9.645,11.973,29.172,3.939,9.423,31.041,30.175,48.551,356.011,18.798,44.587,205.356,15.055,141.403,2.295,115.688,15.004,23.699,1454.105,98.983,19.386,60.771,11.797,26.155,1.031,11.437,7.904,7.118,10.257,5.452,66.183,72.277,40.616,106.734,12.16,24.538,10.13,13.454,0,361.944,0.01,2.768,930.555,132.836,0,2.551,1336.4,0,6380.432
"DOM_C26",0.796,0.181,2.863,0.004,13.336,0.145,0.508,4.504,4.349,0.165,0.604,0.998,1.67,1.912,0.523,0.43,1.613,1.222,6.684,6.401,208.337,28.07,26.207,1.743,24.025,0.279,28.753,5.631,3.306,60.575,39.802,3.85,19.964,4.342,8.636,1.17,2.215,7.382,49.688,57.269,6.234,3.686,52.05,17.261,30.715,9.573,30.822,6.463,6.634,0,263.7,0.001,3.948,426.103,50.574,0,2.603,1974.932,0,3515.455
"DOM_C27",2.417,0.298,7.282,0.01,15.316,0.36,1.438,9.939,15.189,0.413,1.983,1.687,2.308,3.607,0.763,1.098,3.457,2.567,9.767,14.498,19.862,95.939,32.407,4.004,13.617,0.427,41.523,25.006,5.515,241.466,34.175,8.562,24.783,5.035,6.943,0.42,4.431,2.306,13.385,9.832,1.613,6.807,27.768,12.796,23.041,3.764,11.347,5.46,3.752,0,218.945,0.01,1.125,204.925,25.432,0,2.395,1761.778,0,2994.991
"DOM_C28",21.416,3.284,64.301,0.089,204.99,2.39,11.552,90.963,124.148,21.63,15.934,13.545,23.814,26.917,5.645,8.201,30.703,14.801,28.605,63.65,23.875,20.632,107.339,6.376,51.699,1.036,123.576,36.16,25.58,385.726,98.292,50.203,160.176,55.226,40.637,2.218,24.576,8.223,16.507,21.97,10.366,27.266,60.259,47.308,76.772,14.003,50.922,14.897,11.723,0,429.883,0.078,9.861,1108.865,75.375,0,7.026,1961.117,0,5942.328
"DOM_C29",1.571,0.483,4.72,0.002,5.402,0.139,0.457,2.508,12.071,0.325,1.261,0.843,1.311,2.469,0.527,0.66,1.889,1.198,6.482,3.438,1.46,2.65,5.141,35.317,2.638,0.171,7.33,1.348,2.421,22.07,81.469,21.31,15.011,2.939,5.769,0.337,2.516,0.898,0.953,1.75,1.04,2.132,5.636,6.741,6.279,1.548,5.047,1.325,1.138,0,82.295,0.011,1.655,60.335,3.558,0,0.715,745.007,0,1185.713
"DOM_C301",0.015,0.012,20.298,0,5.37,0.027,0.066,0.02,0.148,0.001,0.014,0.006,0.014,0.013,0.002,0.01,0.013,0.017,0.054,0.276,0.13,0.119,1.518,0.172,1030.861,1.583,21.766,0.05,0.122,1.015,1.562,4.308,875.834,23.277,9.925,0.042,0.03,0.006,0.002,0.01,0.089,0.041,0.638,1.41,55.541,0.148,0.091,0.416,0.379,0,196.616,0,0,2081.508,366.773,0,0,892.599,0,5594.964
"DOM_C302T309",0.003,0.014,0.828,0,0.062,0.003,0.003,0.053,0.051,0,0.005,0.001,0.001,0.004,0,0.002,0.008,0.005,0.011,0.084,0.022,0.046,0.141,0.159,4.472,1.758,3.067,0.007,0.016,0.272,1.045,2.698,5.456,5.113,0.445,0.008,0.003,0.001,0.001,0.007,0.005,0.009,0.101,0.455,4.053,0.022,0.138,0.025,0.052,0,2.551,0,0,16.831,2.85,0,0,148.095,0,201.06
"DOM_C31T33",34.404,5.687,98.961,0.113,256.901,3.457,19.689,99.123,161.9,6.407,24.09,21.795,33.496,34.584,9.209,20.547,58.285,21.685,37.665,46.701,18.795,23.596,48.41,6.63,39.837,1.064,241.02,72.573,54.221,559.795,199.911,118.397,359.793,130.619,94.253,6.636,32.698,13.699,30.233,44.345,32.7,61.545,114.404,104.432,161.633,53.679,180.217,50.432,29.893,0,771.736,2.682,114.489,1091.158,44.686,0,26.051,2086.44,0,8017.402
"DOM_D",112.137,10.187,198.503,0.672,1504.989,23.012,91.219,175.527,692.006,34.566,80.743,167.861,318.54,265.744,28.958,51.917,325.278,202.914,411.019,167.273,41.385,50.926,93.924,11.529,70.303,1.981,143.6,2090.322,642.813,928.627,1173.912,369.724,138.302,26.096,322.844,30.256,358.904,67.081,165.548,119.768,141.492,664.88,309.458,213.057,1113.699,416.913,767.823,258.315,212.647,0,3126.198,1.139,15.958,1430.713,6.11,0,2.49,4908.812,0,25300.615
"DOM_E",21.52,0.93,42.841,0.065,125.33,3.644,8.891,67.368,144.504,3.174,15.469,78.781,35.605,27.034,5.487,5.526,37.739,183.852,405.81,32.381,4.214,6.913,18.499,1.274,12.346,0.483,18.323,62.084,1987.31,191.586,226.618,28.539,49.344,3.659,49.343,5.965,65.861,7.558,6.928,13.005,23.405,135.74,70.899,54.516,798.438,106.6,242.582,40.588,38.408,0,1808.988,0.048,711.913,206.084,0.058,0,0.399,22.037,0,8266.504
"DOM_F",55.694,25.123,105.728,0.218,320.238,4.62,18.901,257.442,65.131,3.092,13.024,11.196,42.737,18.806,3.843,4.964,41.968,15.793,40.992,49.562,5.711,11.559,23.522,2.049,30.898,0.435,158.336,246.155,242.612,16670.261,625.355,157.799,142.846,12.587,452.987,16.669,98.987,27.819,130.821,46.452,109.208,5709.184,878.04,171.701,2117.711,272.999,401.777,99.15,88.683,0,234.334,0.066,23.076,46481.746,0.008,0,17.604,32.871,0,76841.092
"DOM_G",444.463,38.31,1392.751,0.315,572.552,12.725,45.419,265.279,4168.772,89.27,328.409,219.404,278.057,653.92,162.541,163.626,276.063,103.797,276.17,315.712,227.816,199.699,400.779,162.203,366.276,10.603,431.885,125.013,200.6,3324.638,1607.052,689.127,907.766,175.748,259.39,36.173,834.606,200.813,122.781,225.296,130.655,297.495,534.527,571.988,727.718,236.664,1236.771,182.846,178.051,0,16737.913,112.718,882.071,5743.296,-1.12,0,226.65,9972.041,0,58086.099
"DOM_H49",47.513,20.605,87.254,0.346,507.601,6.962,49.371,189.212,426.809,10.427,64.329,43.405,93.585,84.592,18.762,19.112,114.325,34.275,78.129,63.55,26.793,33.045,63.746,30.991,37.839,1.743,81.49,57.841,90.945,547.522,1177.991,702.051,232.744,27.498,550.806,98.486,59.983,59.298,32.467,67.66,73.434,57.381,180.826,208.93,289.322,93.101,200.768,46.232,57.26,0,2144.117,0.592,316.809,836.663,0.29,0,359.6,2696.579,0,13503.009
"DOM_H50",23.67,2.577,79.175,0.028,37.217,0.981,3.697,18.533,222.851,5.639,34.155,18.287,29.519,45.202,8.866,12.467,27.485,14.123,44.06,34.412,21.522,23.057,39.851,8.879,32.364,1.603,41.986,15.864,13.023,340.293,95.754,36.064,48.516,22.665,26.825,1.905,40.91,11.823,10.232,13.356,8.325,25.899,37.708,26.455,47.157,14.424,68.063,11.945,11.434,0,878.997,0.773,26.512,696.49,0,0,89.984,18549.432,0,22003.035
"DOM_H51",5.727,0.861,16.861,0.007,32.914,0.256,1.052,6.783,43.72,0.97,6.563,3.355,3.239,6.643,1.656,1.845,4.764,1.323,3.915,4.522,3.479,4.191,6.649,0.957,4.497,0.177,8.174,3.485,3.925,65.799,52.941,7.351,17.401,49.272,38.386,7.4,8.604,7.072,5.302,18.723,19.667,9.976,41.723,47.309,45.005,9.817,20.423,8.119,8.144,0,349.807,0.032,5.884,38.179,0.03,0,268.179,2080.615,0,3413.669
"DOM_H52",25.13,7.3,139.46,0.114,152.971,2.72,11.159,78.837,293.956,5.116,45.394,22.589,71.978,38.085,8.105,8.853,41.474,14.241,35.638,33.829,14.264,18.551,34.002,24.975,22.305,0.959,49.137,25.471,38.835,379.082,943.808,464.56,2187.944,382.142,1156.537,30.849,51.824,22.401,24.194,37.208,31.282,60.339,91.417,123.172,142.358,24.746,68.747,28.258,24.959,0,1470.417,0.17,18.74,581.39,0.03,0,13.56,2162.246,0,11787.827
"DOM_H53",2.891,0.48,5.667,0.012,17.088,0.182,0.92,11.033,8.252,0.794,2.183,2.997,1.267,2.147,1.26,0.639,2.179,0.572,1.523,2.831,0.969,1.399,4.44,0.302,1.901,0.054,6.791,9.184,6.571,30.934,287.293,17.602,15.618,4.236,56.54,319.338,14.902,41.675,39.487,28.3,142.31,25.788,84.183,51.449,212.62,27.002,68.192,21.36,43.092,0,89.167,0,0.001,0.02,3.05,0,5.274,338.388,0,2064.35
"DOM_I",2.452,1.761,7.894,0.024,71.473,1.835,4.764,28.471,27.122,1.635,5.281,3.748,8.546,9.948,3.75,2.22,6.275,2.953,7.179,10.541,3.168,6.141,10.548,0.579,6.22,0.168,22.08,10.48,21.213,134.627,224.915,63.284,151.131,54.62,102.241,8.641,41.052,25.854,23.244,77.916,91.164,32.856,190.81,300.973,316.231,87.131,206.133,65.963,86.697,0,7705.924,63.647,149.3,10.445,0,0,1947.37,0.013,0,12450.65
"DOM_J58T60",3.019,0.775,6.612,0.01,36.88,0.597,1.543,19.764,45.786,1.924,5.67,16.806,6.107,10.819,4.254,1.808,6.161,2.648,8.266,7.728,5.262,7.932,8.22,0.835,6.72,0.286,15.355,11.516,13.243,104.082,273.155,27.22,63.915,13.207,38.115,9.563,34.734,836.83,124.481,207.702,101.771,69.505,745.419,115.636,272.346,230.117,138.189,148.035,111.118,0,2406.343,1.521,5.881,453.026,0.02,0,23.355,741.969,0,7553.801
"DOM_J61",4.005,1.885,21.576,0.045,112.241,0.543,3.633,28.163,28.697,2.209,6.828,6.617,8.719,6.395,5.044,2.138,8.107,2.388,8.454,11.823,6.393,6.878,16.497,1.488,6.322,0.209,29.005,18.223,18.084,166.903,386.265,61.391,105.35,16.383,90.311,23.263,50.955,68.442,966.326,219.36,215.299,133.889,236.864,187.37,488.995,64.314,168.85,72.198,78.666,0,2737.206,0.001,0.187,64.809,4.539,0,99.506,1176.334,0,8256.589
"DOM_J62_63",6.843,2.546,24.307,0.091,260.819,2.075,11.737,113.473,142.128,6.154,15.487,24.64,31.251,35.607,23.019,8.716,32.646,11.091,29.025,42.984,27.212,29.948,48.321,3.914,33.819,1.039,77.824,97.948,75.688,461.629,1000.154,123.097,366.378,66.194,296.065,56.414,74.933,236.03,395.968,3542.922,742.847,209.707,940.023,591.504,1042.53,198.408,336.332,159.877,130.031,0,504.748,0.014,2.013,4748.98,0.01,0,1.337,2262.331,0,19710.83
"DOM_K",52.568,9.547,107.419,0.143,650.323,5.919,15.185,253.799,254.569,10.276,28.022,38.448,89.47,57.036,19.122,14.065,55.633,22.987,71.027,57.841,23.265,36.336,57.057,4.853,36.381,1.008,94.471,135.316,88.904,642.281,1155.116,231.246,485.681,105.002,262.527,26.057,94.344,61.908,108.344,166.541,2650.066,2984.33,514.41,411.406,704.591,100.448,201.059,119.947,150.908,0,6323.174,0.024,1.104,15.915,18.371,0,92.309,5872.559,0,25790.66
"DOM_L",24.936,6.726,35.357,0.109,366.725,2.461,15.565,112.714,354.212,14.346,26.883,32.648,40.611,31.59,16.073,11.524,41.627,13.917,44.106,75.39,23.598,29.98,50.444,4.963,61.424,0.874,159.629,61.23,77.649,929.896,3758.594,252.92,445.764,63.401,759.055,68.611,538.235,193.702,305.108,594.717,673.804,1750.077,1046.756,741.459,1042.706,368.774,872.608,398.844,311.685,0,25298.534,33.739,23.247,3477.093,0.11,0,304.016,23.631,0,46014.4
"DOM_M",61.948,5.954,63.853,0.268,921.163,8.11,33.152,774.956,554.465,14.757,30.904,43.671,97.461,90.314,53.249,22.115,84.62,29.772,63.921,96.931,66.11,57.049,100.324,13.841,87.282,2.405,195.628,187.284,140.926,2726.096,1962.888,187.709,483.444,85.669,436.046,26.118,172.113,306.839,308.004,612.613,774.339,820.498,3642.654,772.168,1625.711,264.046,499.248,301.404,264.254,0,563.619,32.081,149.703,9442.5,3.9,0,39.039,4973.015,0,35378.153
"DOM_N",36.052,8.818,93.133,0.205,851.943,7.747,33.723,420.487,356.8,11.572,35.898,43.587,58.907,66.329,34.885,21.811,69.878,18.569,51.705,84.034,36.946,46.725,94.131,9.512,75.022,2.102,155.527,130.258,165.872,1087.419,1489.266,293.358,968.368,163.131,640.528,69.79,187.991,194.884,272.077,539.504,504.45,625.187,943.905,1318.509,1153.152,325.245,630.706,277.046,187.047,0,1755.269,17.693,142.582,377.983,6.629,0,68.045,2869.39,0,20131.329
"DOM_O",16.972,4.152,21.178,0.063,78.694,1.61,5.5,81.055,84.093,3.507,15.312,13.19,15.065,16.348,10.23,4.569,14.532,5.72,25.958,30.363,4.928,12.164,21.086,2.585,16.632,0.456,27.334,61.674,61.202,472.185,373.687,173.475,166.362,22.728,114.06,12.665,35.466,29.453,61.801,59.718,108.045,210.75,252.074,126.09,984.102,77.898,143.665,84.492,62.128,0,3183.905,25.528,37273.524,100.258,-0.79,0,5.546,43.807,0,44858.798
"DOM_P",1.224,0.444,2.887,0.003,14.265,0.194,0.854,6.455,6.935,0.284,0.926,0.924,3.371,1.572,1.471,0.373,1.802,0.937,3.431,2.806,1.269,1.914,2.991,0.207,2.586,0.084,5.636,5.288,5.705,29.713,36.489,11.979,22.34,8.032,16.86,1.254,3.109,5.875,15.302,30.649,31.415,14.355,49.21,32.688,174.644,166.799,40.579,12.426,13.215,0,1587.353,972.289,20680.195,4.947,0,0,134.223,2.866,0,24175.643
"DOM_Q",0.418,0.234,2.103,0.006,4.388,0.072,0.08,1.677,4.133,0.127,0.272,0.492,0.612,0.665,0.517,0.297,1.525,0.179,0.802,1.7,0.436,0.595,0.829,0.086,0.984,0.014,1.428,1.081,1.955,10.445,16.745,4.909,2.436,0.826,2.846,0.671,3.412,1.886,1.225,3.92,5.796,2.188,11.358,6.335,89.841,10.8,751.998,3.425,9.462,0,5683.148,4248.423,44425.151,0,0,0,79.903,0,0,55404.858
"DOM_R",0.372,0.3,1.861,0.002,6.99,0.078,0.378,2.044,6.701,0.237,0.523,0.866,0.981,1.031,0.324,0.325,1.288,0.274,1.018,1.602,0.49,0.636,1.406,0.138,1.877,0.027,3.53,2.135,4.129,16.786,44.92,5.011,15.649,1.84,9.145,1.045,15.395,62.071,5.788,9.634,11.516,12.649,43.629,31.904,79.85,23.287,19.351,479.124,79.815,0,3313.43,1409.477,1288.647,383.601,0.08,0,184.665,265.544,0,7855.415
"DOM_S",4.005,1.199,24.389,0.009,15.944,0.553,2.389,11.208,24.697,1.9,4.95,2.77,4.99,4.985,1.984,1.038,5.729,2.049,4.872,9.222,2.003,2.269,5.986,0.46,5.409,0.105,12.841,8.27,17.28,74.156,101.688,25.988,66.244,6.777,39.009,2.501,41.37,20.139,10.917,32.653,84.955,31.688,111.503,82.214,96.893,33.952,178.582,53.931,341.684,0,1933.489,3635.437,23.097,3.309,0,0,94.969,5.279,0,7315.93
"DOM_T",0,0,0,0,0,0,0,0,0,0,0,0,0,0,0,0,0,0,0,0,0,0,0,0,0,0,0,0,0,0,0,0,0,0,0,0,0,0,0,0,0,0,0,0,0,0,0,0,0,0,33.151,0,0,0,0,0,0,0,0,33.151
"IMP_A01",74.215,2.575,16.09,0.001,2.636,0.028,0.182,1.209,749.001,2.382,2.913,0.426,0.297,2.561,0.934,0.562,0.445,0.135,0.275,0.442,0.161,0.216,0.512,0.089,0.388,0.014,1.152,0.75,0.794,11.625,20.183,1.623,4.285,0.523,1.917,0.178,35.947,0.497,0.361,0.936,0.582,1.204,2.679,4.045,6.868,2.378,14.291,2.582,1.687,0,899.897,0.041,0.834,22.443,1.127,97.436,0,0,0,1997.552
"IMP_A02",0.943,9.96,0.421,0.001,0.39,0.006,0.037,0.125,4.942,0.047,29.548,1.227,0.037,0.18,0.024,0.227,0.173,0.026,0.068,0.109,0.027,0.045,0.092,0.011,0.143,0.001,0.868,0.707,0.06,6.287,1.495,0.203,0.252,0.032,0.24,0.027,0.452,0.056,0.036,0.103,0.045,0.382,0.217,0.2,0.652,0.137,0.379,0.222,0.153,0,33.36,0.004,0.119,3.251,0.196,1.255,0,0,0,100.202
"IMP_A03",0.237,0.023,51.533,0,0.177,0.002,0.013,0.066,58.434,0.006,0.024,0.014,0.034,0.05,0.013,0.006,0.025,0.01,0.021,0.021,0.007,0.01,0.022,0.002,0.234,0.001,0.036,0.022,0.022,0.221,0.848,0.096,2.831,0.025,0.193,0.01,5.291,0.028,0.013,0.032,0.025,0.046,0.069,0.068,0.768,0.115,0.706,0.086,0.076,0,8.693,0.003,0.047,0.621,0.099,5.458,0,0,0,137.531
"IMP_B05",0.18,0.024,0.065,0.07,7.179,0.227,0.837,6.483,1.666,0.083,0.169,0.601,23.347,2.367,0.029,0.106,8.45,16.89,10.72,0.092,0.019,0.078,0.129,0.009,0.173,0.004,0.078,110.213,0.168,6.671,0.624,0.376,0.156,0.03,0.252,0.014,0.157,0.024,0.033,0.093,0.036,0.273,0.171,0.1,1.482,0.477,0.264,0.038,0.391,0,0.34,0,0.036,0.531,0.024,0.21,0,0,0,203.259
"IMP_B06",0.459,0.108,3.137,0.016,106.832,0.315,2.483,37.453,2.878,0.078,0.357,0.829,458.215,8.682,0.09,0.25,5.033,2.562,6.233,0.912,0.072,0.192,0.558,0.047,0.324,0.009,0.914,72.452,1.186,7.378,5.89,7.598,17.632,4.134,3.422,0.285,0.345,0.18,0.172,0.453,0.431,0.808,1.518,1.398,3.862,0.603,0.994,0.28,0.384,0,18.608,0,0.331,7.894,0.358,3.102,0,0,0,800.733
"IMP_B07",0.275,0.008,0.134,0.011,9.78,4.87,4.174,13.628,1.197,0.072,0.114,0.155,7.452,5.144,0.126,0.291,13.069,72.604,381.241,4.98,0.175,0.638,0.863,0.058,0.25,0.007,0.57,3.643,0.485,26.75,0.622,0.271,0.213,0.046,0.25,0.017,0.109,0.068,0.036,0.158,0.075,0.262,0.535,0.319,0.367,0.093,0.286,0.074,0.208,0,1.189,0,0.037,0.642,0.029,0.668,0,0,0,559.341
"IMP_B08",0.914,0.051,0.915,0.005,11.535,0.259,8.953,10.355,2.541,0.131,0.21,0.56,4.199,6.321,0.218,0.565,47.589,3.902,6.689,0.615,0.114,0.263,0.4,0.031,0.242,0.004,0.503,2.362,1.081,119.658,0.869,0.297,2.052,0.039,0.372,0.02,0.221,0.098,0.036,0.126,0.059,1.389,0.526,1.032,1.533,0.148,0.548,0.104,0.204,0,14.134,0.001,0.096,1.96,0.217,0.658,0,0,0,257.925
"IMP_B09",0.217,0.018,10.986,0.124,1085.913,2.766,27.183,609.307,0.754,0.009,0.094,0.649,48.045,0.244,0.024,0.139,7.682,1.369,4.614,0.131,0.028,0.055,0.135,0.007,0.045,0.003,0.172,14.322,0.283,31.572,0.502,1.288,2.951,0.458,1.149,0.18,0.114,0.179,0.06,0.149,0.122,0.596,1.716,0.256,0.818,0.135,0.196,0.062,0.1,0,0.628,0,4.546,111.597,0.05,0.382,0,0,0,1975.121
"IMP_C10T12",167.145,0.68,190.718,0.004,7.124,0.155,0.969,3.452,1501.847,1.514,2.211,4.635,4.832,36.656,7.105,4.373,3.477,0.661,2.638,2.359,0.992,1.392,2.154,0.22,1.951,0.052,3.837,1.472,4.988,21.35,104.363,4.502,49.439,1.974,7.817,0.651,460.13,6.59,2.376,6.152,4.64,8.81,11.633,12.327,55.969,30.3,114.805,27.799,13.597,0,4037.009,2.972,14.394,11.45,3.953,314.938,0,0,0,7289.554
"IMP_C13T15",2.507,0.769,33.103,0.015,20.447,0.463,1.163,8.488,15.51,104.844,4.879,9.126,2.135,8.015,1.897,5.029,7.448,1.386,3.255,5.917,2.658,2.585,5.784,2.793,6.789,0.14,40.517,3.18,10.526,65.61,88.263,6.644,9.774,2.342,9.263,3.199,18.766,3.897,2.607,3.774,2.943,5.683,27.692,48.286,114.466,19.002,85.15,32.472,26.669,0,2967.778,0.002,0.884,65.711,18.123,109.472,0,0,0,4049.844
"IMP_C16",2.83,2.419,3.555,0.01,5.366,0.181,0.783,2.69,16.09,0.604,246.656,14.251,0.415,4.974,0.515,1.614,11.026,0.6,2.947,6.327,0.967,2.46,3.68,0.78,14.133,0.076,53.819,3.347,2.225,679.393,27.075,3.465,2.898,0.437,10.62,0.171,4.52,1.74,0.648,1.274,0.92,43.019,13.005,8.367,5.731,3.197,9.325,3.6,6.717,0,33.507,0.001,1.367,73.021,12.677,12.158,0,0,0,1364.191
"IMP_C17_18",3.737,0.419,8.481,0.003,10.167,0.251,0.718,4.383,138.862,2.466,10.451,267.807,2.377,16.586,7.954,5.615,19.791,1.304,5.258,8.35,3.425,5.412,8.042,0.767,2.568,0.094,13.571,2.473,5.777,52.562,91.971,7.986,21.421,2.113,14.128,3.543,12.246,90.386,4.791,30.362,16.398,8.274,57.473,52.533,61.716,31.15,46.859,10.82,14.747,0,300.37,0.004,0.955,13.266,2.149,41.243,0,0,0,1546.57
"IMP_C19",30.639,6.392,162.869,0.087,116.633,3.624,13.978,79.177,56.848,2.952,12.656,11.489,247.873,104.598,5.206,10.988,32.298,18.481,20.517,11.449,2.44,6.941,8.026,1.29,6.43,0.144,24.843,67.221,41.977,223.148,183.351,436.685,1063.383,257.613,105.277,12.134,13.409,6.929,7.305,14.016,17.186,16.56,41.232,61.841,133.089,18.266,47.803,12.807,19.821,0,1171.708,0.004,1.015,11.133,4.376,73.005,0,0,0,5061.162
"IMP_C20",212.08,3.144,35.429,0.131,155.361,6.214,23.567,87.417,200.533,50.212,82.196,118.82,184.23,1099.671,94.862,251.057,140.457,20.72,76.434,70.539,30.069,46.994,44.455,8.142,65.26,0.721,85.372,13.811,90.316,496.442,108.254,19.68,50.037,7.758,38.59,1.278,32.654,36.416,2.538,19.016,7.043,89.412,118.546,93.823,69.657,33.854,231.066,21.643,68.429,0,981.413,0.015,22.588,55.748,10.855,30.228,0,0,0,5945.196
"IMP_C21",17.651,0.24,8.314,0.01,17.925,0.524,1.367,6.134,29.264,2.198,4.035,5.386,7.902,47.437,121.844,9.576,6.041,1.318,3.857,3.865,2.059,2.476,4.12,0.441,3.442,0.077,6.66,1.736,8.266,34.276,19.727,4.916,15.564,2.793,5.097,0.55,2.873,3.547,1.927,8.162,3.164,6.035,43.972,10.01,69.974,9.813,724.283,6.633,10.576,0,540.261,0.007,379.308,35.795,3.92,18.856,0,0,0,2286.208
"IMP_C22",14.327,1.422,24.519,0.045,61.451,1.074,4.168,18.738,246.976,6.814,18.699,31.125,8.763,49.813,16.608,85.87,26.434,3.255,16.647,40.756,22.352,44.91,59.879,14.823,22.678,1.167,53.985,3.999,31.455,657.544,242.666,72.806,38.387,3.627,29.254,2.355,9.747,8.608,4.137,5.806,6.796,47.708,43.222,44.61,29.861,11.537,37.155,9.621,11.257,0,289.122,0.065,29.186,43.57,7.849,3.683,0,0,0,2622.93
"IMP_C23",2.617,0.186,1.381,0.005,11.873,0.397,1.803,4.311,16.611,0.848,3.488,1.226,2.049,8.622,1.751,2.995,89.719,4.15,5.953,5.83,3.807,4.303,4.446,0.901,4.824,0.067,5.345,1.759,3.518,806.461,12.351,2.603,8.866,0.656,3.147,0.2,2.775,0.597,0.868,1.353,0.862,35.62,9.146,3.88,6.053,3.188,5.446,1.618,2.476,0,130.901,0.002,0.874,34.697,5.995,2.559,0,0,0,1277.98
"IMP_C24A",0.807,0.18,1.079,0.024,91.063,0.759,0.785,11.808,3.506,0.232,2.838,0.825,2.416,1.945,0.227,2.873,14.781,233.076,42.52,351.846,7.528,28.841,150.768,10.038,80.522,1.904,36.306,4.192,33.172,598.02,14.794,2.767,9.888,0.514,5.579,0.074,0.188,0.121,0.137,0.202,0.29,7.745,17.239,2.3,3.369,0.974,0.974,0.962,0.973,0,3.844,0,5.537,10.258,1.705,0.495,0,0,0,1805.809
"IMP_C24B",0.918,0.227,0.358,0.005,32.304,0.514,0.681,2.996,22.48,0.697,4.531,3.219,2.541,24.155,1.71,4.676,13.313,78.127,1875.005,351.629,43.01,161.881,130.529,11.623,45.955,2.012,83.87,4.403,67.9,309.417,28.706,2.5,9.41,0.202,3.405,0.029,1.148,0.83,0.241,0.408,0.774,7.264,9.509,1.517,4.309,0.375,2.631,1.352,2.323,0,24.772,0,0.339,20.784,3.677,0.714,0,0,0,3407.906
"IMP_C25",6.801,1.534,9.952,0.075,123.679,1.748,4.302,53.14,72.985,2.048,19.831,5.214,7.657,16.979,2.629,7.302,20.667,26.239,69.448,267.985,16.335,41.879,175.391,12.563,108.607,1.887,86.243,9.999,18.758,1081.892,71.927,12.651,30.833,3.728,16.241,0.571,6.136,2.586,4.723,6.036,2.45,43.797,50.657,28.332,75.176,7.272,14.078,6.032,8.308,0,318.728,0.009,2.842,720.521,123.962,4.564,0,0,0,3835.932
"IMP_C26",2.671,0.542,6.849,0.015,44.113,0.507,1.52,14.19,12.511,0.845,2.255,4.28,6.218,11.585,2.25,2.81,5.89,2.324,7.402,19.896,514.218,104.598,97.577,6.844,69.959,1.113,101.051,19.915,11.436,240.559,148.369,13.009,50.556,11.913,30.514,4.461,7.605,28.152,176.508,229.484,28.483,14.237,183.654,65.121,112.528,35.3,111.296,24.01,24.588,0,1686.758,0.011,25.918,1905.121,317.799,24.659,0,0,0,6575.998
"IMP_C27",3.1,0.438,10.69,0.028,33.777,1.124,3.958,30.474,15.305,0.575,2.506,4.183,2.814,6.01,1.365,2.749,7.744,4.289,17.224,30.502,66.275,323.602,129.381,15.829,46.049,1.549,161.044,78.368,17.715,964.61,128.174,24.804,65.465,5.535,20.121,1.259,10.05,7.263,52.763,33.833,4.495,21.508,106.111,45.723,79.733,12.52,34.42,20.572,13.301,0,1312.352,0.003,2.014,956.235,167.728,11.732,0,0,0,5120.99
"IMP_C28",9.706,4.941,33.305,0.233,370.857,5.513,15.389,151.061,53.605,2.232,12.306,12.403,24.069,16.876,3.12,6.479,43.652,14.711,25.208,61.242,20.634,56.442,507.989,15.104,135.882,1.911,268.811,42.921,38.319,653.705,135.132,31.92,51.09,10.967,32.852,2.237,4.783,7.219,12.917,23.479,13.993,13.156,85.468,71.029,76.126,12.782,37.084,12.512,8.433,0,562.131,0.014,2.776,2914.476,502.892,4.744,0,0,0,7238.842
"IMP_C29",3.004,4.248,10.147,0.014,40.888,1.18,3.253,19.743,14.096,0.606,3.77,2.716,4.615,5.528,0.908,2.479,11.07,3.23,11.176,14.598,6.79,15.331,50.62,205.576,16.205,1.387,63.272,7.589,18.812,136.809,848.133,220.835,125.946,22.001,51.804,2.796,2.132,2.748,4.601,9.639,4.925,7.504,30.94,59.422,39.486,7.958,16.965,6.796,5.65,0,5670.784,0.005,54.435,2434.737,436.848,20.002,0,0,0,10766.752
"IMP_C301",0.038,0.01,6.814,0,2.066,0.013,0.043,0.131,0.161,0.004,0.025,0.019,0.044,0.033,0.007,0.011,0.049,0.032,0.067,0.185,0.07,0.076,0.641,0.079,336.759,0.529,7.47,0.098,0.092,0.843,0.734,1.557,289.885,7.914,3.368,0.019,0.027,0.013,0.034,0.051,0.047,0.047,0.304,0.56,18.443,0.068,0.086,0.161,0.141,0,67.043,0,0.009,704.071,123.268,0.053,0,0,0,1574.314
"IMP_C302T309",0.213,0.583,32.804,0.006,3.413,0.118,0.169,2.515,2.446,0.036,0.277,0.114,0.197,0.414,0.057,0.162,0.467,0.333,1.024,3.874,1.028,2.131,6.496,6.432,163.355,40.095,122.517,0.51,0.813,13.589,42.376,107.095,204.785,204.391,17.906,0.34,0.199,0.106,0.217,0.843,0.351,0.544,4.618,18.372,159.889,0.996,5.758,1.077,2.154,0,436.439,0,0.074,2812.983,492.86,0.364,0,0,0,4920.925
"IMP_C31T33",14.112,2.942,48.206,0.052,138.305,1.741,9.067,52.198,49.948,4.477,11.533,9.727,15.201,16.813,4.794,4.25,19.17,12.933,84.791,33.551,13.123,17.733,34.807,2.996,25.669,0.894,150.583,34.599,35.035,266.672,98.702,56.627,167.255,60.227,50.47,3.974,17.906,8.467,16.793,26.07,28.414,32.157,88.282,70.135,122.231,59.955,214.303,51.036,27.491,0,1483.96,0.009,147.911,935.862,109.763,94.692,0,0,0,5088.616
"IMP_D",3.341,0.337,5.95,0.018,41.953,0.59,2.453,7.723,19.839,0.965,3.144,4.787,11.286,8.063,1.11,1.675,8.382,4.56,8.801,5.079,1.466,2.433,3.858,0.431,2.408,0.067,5.934,39.263,7.955,24.667,33.296,12.019,11.712,2.779,9.763,0.995,9.08,2.93,5.894,11.1,5.93,12.982,12.131,8.128,27.205,10.329,20.395,6.83,5.721,0,118.536,0.007,1.386,29.921,1.586,5.352,0,0,0,594.547
"IMP_E",0.612,0.023,0.541,0.001,1.555,0.025,0.117,0.561,3.338,0.106,0.313,0.283,0.552,1.499,0.175,0.362,0.683,0.759,0.791,1.34,0.19,0.406,0.823,0.082,0.507,0.016,0.646,0.575,0.436,6.666,1.931,0.519,1.064,0.221,0.654,0.061,0.821,0.254,0.32,0.949,0.482,0.747,1.472,0.877,1.466,0.408,1.139,0.33,0.317,0,10.859,0.006,0.241,4.707,0.4,1.919,0,0,0,56.146
"IMP_F",2.224,0.378,5.394,0.009,25.916,0.291,1.642,12.203,9.522,0.34,1.909,1.477,3.055,2.493,0.59,0.919,4.935,1.949,4.355,3.967,1.039,2.098,4.28,0.484,2.148,0.072,12.193,4.991,3.321,46.28,14.661,8.947,27.49,8.858,7.672,0.525,1.691,1.499,2.868,6.827,2.805,3.891,10.315,7.303,11.09,1.929,5.102,2.153,1.51,0,27.793,0.041,1.333,71.829,2.504,32.917,0,0,0,424.027
"IMP_G",121.81,7.161,147.98,0.146,236.09,4.909,17.347,105.179,703.307,37.131,85.108,92.272,116.42,308.536,73.176,79.773,93.47,57.452,159.649,158.096,112.668,107.292,217.633,42.804,163.723,7.914,210.779,56.381,72.727,1182.408,424.76,182.62,428.347,103.359,95.394,9.299,157.607,71.484,53.35,93.225,40.361,80.515,211.743,140.665,253.939,73.848,474.715,60.995,60.176,0,4483.52,1.903,203.714,2123.659,363.831,555.285,0,0,0,15527.652
"IMP_H49",18.057,7.48,25.654,0.137,195.504,2.631,18.943,72.89,145.443,4.382,28.896,19.27,42.958,37.862,7.3,9.037,47.357,18.791,39.235,34.45,14.997,18.985,32.894,4.445,19.79,1.316,39.383,27.258,34.622,269.94,396.902,240.484,117.782,17.764,216.918,36.07,19.089,22.479,11.464,16.144,21.769,19.609,64.064,62.835,105.448,34.681,78.271,16.196,20.908,0,613.392,0.055,128.068,207.723,36.227,733.187,0,0,0,4477.437
"IMP_H50",2.376,2.431,19.633,0.009,45.711,0.261,2.624,6.288,22.004,0.76,4.691,3.123,13.209,5.657,1.054,1.421,4.834,3.284,5.808,6.104,3.101,3.695,6.461,0.622,4.171,0.137,8.1,2.482,2.235,46.511,83.249,20.972,2049.282,2.757,108.469,1.406,3.506,2.745,1.949,2.894,1.858,2.51,12.038,14.026,13.328,2.634,8.972,2.885,1.832,0,539.455,0.019,3.911,45.356,7.678,164.207,0,0,0,3326.736
"IMP_H51",1.109,0.216,1.764,0.002,9.885,0.057,0.3,1.838,7.792,0.254,1.592,0.919,1.028,1.955,0.476,0.564,1.134,0.274,0.637,1.174,1.172,1.36,2.067,0.262,1.052,0.042,2.58,0.761,0.986,16.528,14.263,3.011,10.99,17.034,14.94,2.008,1.765,1.393,1.281,3.034,4.625,1.988,6.969,14.033,10.877,1.939,5.11,1.683,1.876,0,116.431,0.008,1.416,16.614,2.451,487.328,0,0,0,802.847
"IMP_H52",5.387,1.548,17.541,0.034,43.958,0.704,3.177,21.976,46.32,1.45,10.858,6.929,17.171,11.605,2.438,2.871,10.459,5.31,11.83,11.218,4.463,6.597,11.543,1.81,7.949,0.382,14.224,7.049,9.863,92.494,217.545,115.405,610.554,103.116,306.155,8.577,6.563,5.65,5.553,7.977,5.319,6.326,20.565,21.079,32.386,4.873,14.74,5.464,5.225,0,189.144,0.022,7.908,78.093,12.928,42.39,0,0,0,2222.713
"IMP_H53",0.285,0.066,0.547,0.001,2.154,0.026,0.146,1.125,1.378,0.076,0.356,0.36,0.317,0.358,0.133,0.096,0.382,0.144,0.302,0.401,0.137,0.191,0.489,0.05,0.239,0.008,0.689,0.748,0.629,3.871,20.908,2.454,3.493,0.733,5.445,18.953,1.106,2.876,2.796,3.025,9.651,1.978,6.315,3.936,14.474,1.959,4.858,1.535,2.913,0,9.813,0.001,0.504,2.907,0.13,16.796,0,0,0,155.262
"IMP_I",0.159,0.009,0.226,0,0.532,0.006,0.027,0.214,1.186,0.027,0.045,0.049,0.077,0.173,0.073,0.042,0.075,0.043,0.186,0.127,0.08,0.077,0.144,0.015,0.079,0.003,0.194,0.073,0.106,1.06,0.703,0.239,0.844,0.18,0.237,0.027,0.343,0.419,0.207,0.431,0.196,0.191,0.639,0.419,0.593,0.16,0.618,0.744,0.126,0,9.469,0.755,2.784,2.116,0.1,4082.07,0,0,0,4109.714
"IMP_J58T60",1.155,0.268,2.269,0.004,14.818,0.195,0.645,6.662,16.16,0.581,1.802,3.329,2.365,4.531,1.869,0.876,2.21,0.931,2.381,2.602,1.755,2.392,3.194,0.347,2.439,0.145,5.186,3.495,4.189,27.983,81.57,9.922,24.265,6.015,12.14,2.404,11.929,280.545,59.844,73.912,29.033,18.414,271.096,37.077,69.334,47.464,33.408,55.442,27.257,0,787.264,0.314,2.582,120.619,2.499,55.604,0,0,0,2236.729
"IMP_J61",0.676,0.252,2.956,0.006,15.287,0.087,0.523,4.153,4.987,0.324,0.964,0.933,1.29,1.179,0.76,0.357,1.198,0.406,1.333,1.804,1.359,1.138,2.56,0.225,1.097,0.042,4.111,2.487,2.545,22.705,48.668,8.14,15.936,2.706,11.589,2.681,6.377,9.159,106.545,34.271,27.077,15.973,31.052,24.123,60.387,8.203,21.36,9.139,9.629,0,354.573,0.006,0.331,22.294,0.74,208.217,0,0,0,1116.923
"IMP_J62_63",3.667,1.29,12.636,0.045,121.691,0.94,5.17,34.764,69.582,3.129,7.91,12.468,17.052,19.267,11.337,3.983,16.047,5.985,14.884,20.085,19.964,16.015,23.915,1.866,15.171,0.506,37.347,48.146,36.946,221.228,501.067,60.067,182.704,37.936,136.178,26.865,36.461,134.45,210.762,1813.488,391.32,103.952,485.577,272.252,558.448,105.861,162.714,86.138,69.511,0,390.684,0.023,1.783,2837.507,6.79,16.662,0,0,0,9432.236
"IMP_K",7.694,1.493,15.64,0.024,105.329,1,2.666,40.423,40.207,1.608,4.261,6.149,13.942,9.449,3.15,2.184,8.984,3.783,11.066,9.335,3.944,5.9,9.121,0.936,5.858,0.159,15.312,21.392,14.737,107.466,194.165,35.196,81.043,18.647,42.322,4.476,15.23,12.709,20.662,48.489,523.078,441.438,92.86,70.1,121.108,17.733,34.645,20.507,24.078,0,762.633,0,0.471,40.229,0.42,200.185,0,0,0,3295.637
"IMP_L",0.126,0.035,0.293,0.001,1.742,0.019,0.08,0.83,1.125,0.049,0.979,0.243,0.635,0.256,0.087,0.072,0.263,0.104,0.273,0.334,0.154,0.159,0.333,0.058,0.257,0.006,0.652,0.359,0.334,5.808,5.807,1.322,5.444,0.969,3.057,0.151,0.599,0.564,0.627,1.56,1.62,1.907,3.116,1.788,2.392,0.604,1.368,0.681,0.523,0,6.816,0.031,0.284,7.519,0.26,868.873,0,0,0,933.548
"IMP_M",16.481,1.412,19.602,0.054,191.761,1.954,7.452,122.005,126.981,4.501,9.423,12.831,24.476,26.709,14.599,7.006,22.634,8.184,16.751,26.476,20.633,15.553,28.44,4.027,25.861,0.644,48.898,46.961,33.682,389.68,546.424,51.019,143.778,27.073,119.561,9.909,51.179,90.119,84.95,194.688,240.303,175.806,662.793,231.876,319.276,72.783,141.738,85.478,73.538,0,199.073,0.037,25.476,1084.55,5.86,92.946,0,0,0,6005.904
"IMP_N",8.765,2.889,19.942,0.067,247.29,2.294,9.88,109.681,57.215,2.184,6.231,8.14,13.027,13.783,6.187,3.66,15.809,3.634,9.909,16.188,7.335,8.716,18.267,2.127,11.848,0.375,30.301,21.031,38.695,294.584,263.13,89.86,409.481,73.202,116.479,13.542,28.844,50.218,55.769,106.101,79.844,79.293,171.707,258.659,203.695,54.033,100.903,55.928,29.724,0,635.439,0.078,2.257,99.715,1.939,165.53,0,0,0,4135.423
"IMP_O",0.973,0.106,0.902,0.002,2.979,0.073,0.233,1.405,5.033,0.256,0.545,0.648,1.143,3.018,0.389,0.684,0.88,0.683,2.907,0.649,0.384,0.378,0.692,0.072,0.516,0.019,0.932,0.83,0.757,6.272,7.327,2.39,13.592,1.442,4.637,0.315,1.077,1.409,1.446,8.857,2.859,1.75,5.375,2.983,4.992,1.118,2.63,1.26,0.897,0,24.844,0.444,2.111,21.789,0.56,32.572,0,0,0,183.039
"IMP_P",0.165,0.031,0.275,0.001,1.668,0.016,0.087,0.608,1.085,0.066,0.146,0.198,0.326,0.63,0.157,0.148,0.261,0.092,0.31,0.28,0.166,0.187,0.295,0.039,0.205,0.007,0.468,0.438,0.406,2.77,4.957,0.863,11.001,0.421,1.905,0.246,0.399,1.132,1.623,13.156,3.142,1.01,4.561,2.525,4.784,0.94,1.74,0.821,0.642,0,9.121,0.048,0.394,40.013,0.13,738.964,0,0,0,856.069
"IMP_Q",0.171,0.015,0.224,0,1.064,0.015,0.048,0.45,0.788,0.04,0.115,0.098,0.14,0.22,0.199,0.057,0.145,0.079,0.126,0.249,0.296,0.28,0.488,0.037,0.257,0.008,0.574,0.219,0.24,2.819,2.18,0.515,1.966,0.369,0.967,0.07,0.251,0.404,0.442,2.128,0.814,0.488,2.155,1.108,1.778,0.525,1.992,0.452,0.327,0,8.784,0.007,0.966,7.993,0.7,186.777,0,0,0,233.619
"IMP_R",0.306,0.052,0.482,0.001,2.807,0.034,0.139,1.116,2.713,0.077,0.231,0.274,0.306,0.583,0.255,0.145,0.357,0.14,0.284,0.461,0.217,0.264,0.549,0.063,0.356,0.011,0.71,0.388,0.589,5.354,6.925,1.332,4.402,0.833,1.524,0.208,1.681,7.296,1.326,4.448,2.087,1.279,6.342,4.221,7.64,1.925,2.94,37.821,2.414,0,290.658,48.446,165.953,39.778,0.36,400.922,0,0,0,1062.024
"IMP_S",0.243,0.029,0.462,0.001,1.338,0.019,0.086,0.551,1.375,0.072,0.44,0.207,0.299,0.47,0.131,0.119,0.298,0.147,0.452,0.378,0.346,0.254,0.452,0.044,0.286,0.012,0.857,0.343,0.304,3.935,2.207,0.767,2.574,0.66,0.953,0.083,0.341,0.574,0.562,2.723,0.824,0.517,1.752,1.086,1.756,0.448,1.201,0.465,0.315,0,8.86,0.102,0.669,8.802,0.45,214.897,0,0,0,267.537
"IMP_T",0,0,0,0,0,0,0,0,0,0,0,0,0,0,0,0,0,0,0,0,0,0,0,0,0,0,0,0,0,0,0,0,0,0,0,0,0,0,0,0,0,0,0,0,0,0,0,0,0,0,0,0,0,0,0,0,0,0,0,0
"IMP_OTHER",3.761,0.818,16.507,0.016,27.096,0.566,2.126,13.322,-2.127,3.361,4.637,6.739,36.983,23.449,3.623,5.973,7.768,3.264,5.394,7.616,10.269,8.989,13.815,8.025,10.227,0.529,18.85,11.274,8.176,92.795,69.437,46.886,103.1,24.147,17.335,1.658,6.764,6.059,7.987,16.539,9.699,8.71,24.735,19.2,31.649,7.957,31.07,7.281,6.415,0,495.36,0.431,15.664,222.665,36.434,746.462,0,0,0,2317.487
"TXS_INT_FNL",59.175,15.63,288.008,0.368,731.054,13.163,50.548,240.056,99.464,38.745,86.485,99.773,98.196,102.599,36.608,65.65,174.714,84.165,160.055,110.817,59.571,82.723,157.366,70.767,115.38,3.563,260.689,-7.97,207.336,1672.059,1551.812,732.678,367.873,51.359,407.872,45.674,301.142,127.69,177.824,207.692,265.903,669.798,598.501,428.105,1045.509,282.62,922.835,227.393,191.975,0,17732.989,31.452,-146.793,10286.241,559.067,0,447.153,1305.415,0,43996.533
"TTL_INT_FNL",3126.474,462.994,9430.763,6.511,21591.666,200.46,976.16,10332.297,27412.515,705.192,3079.388,2290.01,8608.828,5318.909,1210.112,1339.56,3235.49,1717.544,6066.414,3832.02,1981.329,2184.349,3923.328,852.085,4064.287,112.667,4979.481,5390.031,5259.417,51929.517,26038.038,7234.003,17820.037,3128.206,8351.084,1128.961,6709.543,4020.828,4478.962,10172.246,8722.919,16629.273,15739.43,9343.68,19237.946,4660.054,13319.436,4195.682,3638.664,0,165150.08,10670.702,107915.037,115488.14,4258.11,10927.391,4823.194,311776.678,0,1107198.12
